##TITLE=Parameter List, ParaVision 360 V3.6
##JCAMPDX=4.24
##DATATYPE=Parameter Values
##ORIGIN=Bruker BioSpin GmbH & Co. KG
##OWNER=neuro
$$ Write Options: Symbolic Enums
$$ 2026-03-13 14:11:23.189 +0900  neuro@czc4217pzz
$$ /opt/PV-360.3.6/data/neuro/20260313_135901_Kostya_260413_fiber_placement_engrams_1_13/3/FreqAdjustment/1/Results
$$ process /opt/PV-360.3.6/prog/bin/parxserver
##$NChan=( 2 )
1 6
##$Nexc=3
##$FreqRes=5.9257433252427187
##$FreqAdjRange=141747.57281553396
##$FreqOffsList=( 3 )
-46601.941747572819 0 46601.941747572819
##$AcqSize=8192
##$ExcPulse1=(0.050000000000000003, 25600, 90, No, 3, 1280, 1, 1, 0, 50, 0.01, 
<bp.exc>)
##$FreqAdjCounter=0
##$OFrq=( 3, 1 )
-22955.336853995923 65.166490555469593 14577.004000952238
##$WOFrq=( 3 )
-22955.336853995923 65.166490555469593 14577.004000952238
##$Peak=( 3, 1 )
6112.3770365920136 585303.39484769176 6939.2043667607186
##$Noise=( 3, 1 )
1268.0368800579286 1288.2194045420483 1237.0295498221735
##$PWidth=( 2, 3, 1 )
11.42116874659321 572.33995832734524 12.711074991832994 28.095326280157391 
1130.9859165594703 28.871745166715609
##$PVM_Nucleus1=( 8 )
<1H>
##$PVM_FrqAdj1H=400.30767612846904
##$PVM_FrqRefPpm=( 8 )
4.7000000000000002 0 0 0 0 0 0 0
##$PVM_FrqWorkPpm=( 8 )
4.7000000000000002 0 0 0 0 0 0 0
##$Method=<Bruker:AdjSf>
##$PVM_GeoObj=( 1, 65 )
<>
##$PVM_StudyInstrumentPosition=Head_Prone
##$PVM_ExportHandler=( 2 )
(<BRUKER_PARIMPORT_SLICEGEO>, <>, <Slice Geometry>) (<BRUKER_PARIMPORT_FOVSAT>
, <>, <FOV Saturation>)
##$PVM_GradCalConst=28364.579999999998
##$PVM_Nucleus1Enum=<1H>
##$PVM_RefPowMod1=AutoAdj
##$PVM_RefPowCh1=1.6963291016490765
##$PVM_RefPowStat1=( 1024 )
<Study: Adj by Bruker:AdjRefPowADJ_REF_POW>
##$PVM_Nucleus2Enum=<1H>
##$PVM_Nucleus3Enum=<1H>
##$PVM_Nucleus4Enum=<1H>
##$PVM_Nucleus5Enum=<1H>
##$PVM_Nucleus6Enum=<1H>
##$PVM_Nucleus7Enum=<1H>
##$PVM_Nucleus8Enum=<1H>
##$PVM_FrqRef=( 8 )
400.30774129495961 0 0 0 0 0 0 0
##$PVM_FrqWorkOffset=( 8 )
0 0 0 0 0 0 0 0
##$PVM_FrqWork=( 8 )
400.30774129495961 0 0 0 0 0 0 0
##$PVM_FrqWorkOffsetPpm=( 8 )
0 0 0 0 0 0 0 0
##$PVM_NucleiPpmWork=( 20 )
(<1H>, 4.7000000000000002) (<13C>, 0) (<none>, 0) (<none>, 0) (<none>, 0) 
(<none>, 0) (<none>, 0) (<none>, 0) (<none>, 0) (<none>, 0) (<none>, 0) 
(<none>, 0) (<none>, 0) (<none>, 0) (<none>, 0) (<none>, 0) (<none>, 0) 
(<none>, 0) (<none>, 0) (<none>, 0)
##$PVM_TxCoilScMode1=AutoAdj
##$PVM_TxCoilAdjStat1=( 1024 )
<System (Coil)>
##$PVM_TxCoilAmpScaling1=( 2 )
100 100
##$PVM_TxCoilPhaseOffset1=( 2 )
0 90
##$PVM_RepetitionTime=300
##$ExcPulse1Enum=<bp>
##$ExcPulse1Ampl=(0.01, 0.70710678118654757, 20)
##$RfPulseDur=0.050000000000000003
##$PVM_AcquisitionTime=168.7552
##$PVM_EffSWh=48543.689320388352
##$PVM_EncGenOpt=Yes
##$PVM_EncGenEllipse=No
##$PVM_MbEncNBands=1
##$PVM_MbEncAccelFactor=1
##$PVM_MbEncBlipFactor=1
##$PVM_EncGen3D=Yes
##$PVM_EncGen4D=Yes
##$PVM_EncGenPpi=No
##$PVM_EncGenCaipirinha=No
##$PVM_EncGenTCaipirinha=No
##$PVM_EncVirtualCoils=No
##$PVM_EncCS=No
##$PVM_EncCSUndersampling=100
##$PVM_EncCSCenterRatio=10
##$PVM_EncCSNumRef=( 2 )
64 128
##$PVM_EncCSGradOpt=No
##$PVM_EncCSEllipse=No
##$PVM_EncPftAlgorithm=Pocs
##$PVM_EncPpiRefScan=No
##$PVM_IsEpiScan=No
##$PVM_IsotropicFovRes=Isot_Fov
##$PVM_Matrix=( 2 )
256 256
##$PVM_MinMatrix=( 2 )
32 32
##$PVM_MaxMatrix=( 2 )
2048 2048
##$PVM_DefMatrix=( 3 )
128 128 64
##$PVM_AntiAlias=( 1 )
1
##$PVM_MaxAntiAlias=( 2 )
2 8
##$PVM_EncSpectroscopy=Yes
##$PVM_EncUseMultiRec=No
##$PVM_EncActReceivers=( 4 )
On On On On
##$PVM_EncZf=( 2 )
2 2
##$PVM_EncPft=( 2 )
1.6000000000000001 1
##$PVM_EncPftOverscans=( 2 )
32 64
##$PVM_EncPpi=( 2 )
1 1
##$PVM_EncPpiRefLines=( 2 )
0 0
##$PVM_EncPpiGopRefLines=( 3 )
32 24 24
##$PVM_EncOrder=( 2 )
LINEAR_ENC LINEAR_ENC
##$PVM_EncStart=( 2 )
0 -1
##$PVM_EncNReceivers=1
##$PVM_EncAvailReceivers=6
##$PVM_EncChanScaling=( 1 )
0.98632200000000003
##$PVM_EncChanPhase=( 1 )
295.67169999999999
##$PVM_EncMatrix=( 2 )
96 128
##$PVM_EncTotalAccel=2
##$PVM_EncSteps0=( 1 )
0
##$PVM_EncSteps1=( 128 )
-64 -63 -62 -61 -60 -59 -58 -57 -56 -55 -54 -53 -52 -51 -50 -49 -48 -47 -46 
-45 -44 -43 -42 -41 -40 -39 -38 -37 -36 -35 -34 -33 -32 -31 -30 -29 -28 -27 
-26 -25 -24 -23 -22 -21 -20 -19 -18 -17 -16 -15 -14 -13 -12 -11 -10 -9 -8 -7 
-6 -5 -4 -3 -2 -1 0 1 2 3 4 5 6 7 8 9 10 11 12 13 14 15 16 17 18 19 20 21 22 
23 24 25 26 27 28 29 30 31 32 33 34 35 36 37 38 39 40 41 42 43 44 45 46 47 48 
49 50 51 52 53 54 55 56 57 58 59 60 61 62 63
##$PVM_EncSteps2=( 1 )
0
##$PVM_EncCentralStep1=1
##$PVM_EncValues1=( 128 )
-0.5 -0.4921875 -0.484375 -0.4765625 -0.46875 -0.4609375 -0.453125 -0.4453125 
-0.4375 -0.4296875 -0.421875 -0.4140625 -0.40625 -0.3984375 -0.390625 
-0.3828125 -0.375 -0.3671875 -0.359375 -0.3515625 -0.34375 -0.3359375 
-0.328125 -0.3203125 -0.3125 -0.3046875 -0.296875 -0.2890625 -0.28125 
-0.2734375 -0.265625 -0.2578125 -0.25 -0.2421875 -0.234375 -0.2265625 
-0.21875 -0.2109375 -0.203125 -0.1953125 -0.1875 -0.1796875 -0.171875 
-0.1640625 -0.15625 -0.1484375 -0.140625 -0.1328125 -0.125 -0.1171875 
-0.109375 -0.1015625 -0.09375 -0.0859375 -0.078125 -0.0703125 -0.0625 
-0.0546875 -0.046875 -0.0390625 -0.03125 -0.0234375 -0.015625 -0.0078125 0 
0.0078125 0.015625 0.0234375 0.03125 0.0390625 0.046875 0.0546875 0.0625 
0.0703125 0.078125 0.0859375 0.09375 0.1015625 0.109375 0.1171875 0.125 
0.1328125 0.140625 0.1484375 0.15625 0.1640625 0.171875 0.1796875 0.1875 
0.1953125 0.203125 0.2109375 0.21875 0.2265625 0.234375 0.2421875 0.25 
0.2578125 0.265625 0.2734375 0.28125 0.2890625 0.296875 0.3046875 0.3125 
0.3203125 0.328125 0.3359375 0.34375 0.3515625 0.359375 0.3671875 0.375 
0.3828125 0.390625 0.3984375 0.40625 0.4140625 0.421875 0.4296875 0.4375 
0.4453125 0.453125 0.4609375 0.46875 0.4765625 0.484375 0.4921875
##$PVM_EncGenSteps0=( 1 )
0
##$PVM_EncGenSteps1=( 128 )
-64 -63 -62 -61 -60 -59 -58 -57 -56 -55 -54 -53 -52 -51 -50 -49 -48 -47 -46 
-45 -44 -43 -42 -41 -40 -39 -38 -37 -36 -35 -34 -33 -32 -31 -30 -29 -28 -27 
-26 -25 -24 -23 -22 -21 -20 -19 -18 -17 -16 -15 -14 -13 -12 -11 -10 -9 -8 -7 
-6 -5 -4 -3 -2 -1 0 1 2 3 4 5 6 7 8 9 10 11 12 13 14 15 16 17 18 19 20 21 22 
23 24 25 26 27 28 29 30 31 32 33 34 35 36 37 38 39 40 41 42 43 44 45 46 47 48 
49 50 51 52 53 54 55 56 57 58 59 60 61 62 63
##$PVM_EncGenSteps2=( 128 )
0 0 0 0 0 0 0 0 0 0 0 0 0 0 0 0 0 0 0 0 0 0 0 0 0 0 0 0 0 0 0 0 0 0 0 0 0 0 0 
0 0 0 0 0 0 0 0 0 0 0 0 0 0 0 0 0 0 0 0 0 0 0 0 0 0 0 0 0 0 0 0 0 0 0 0 0 0 0 
0 0 0 0 0 0 0 0 0 0 0 0 0 0 0 0 0 0 0 0 0 0 0 0 0 0 0 0 0 0 0 0 0 0 0 0 0 0 0 
0 0 0 0 0 0 0 0 0 0 0
##$PVM_EncGenValues1=( 128 )
-0.5 -0.4921875 -0.484375 -0.4765625 -0.46875 -0.4609375 -0.453125 -0.4453125 
-0.4375 -0.4296875 -0.421875 -0.4140625 -0.40625 -0.3984375 -0.390625 
-0.3828125 -0.375 -0.3671875 -0.359375 -0.3515625 -0.34375 -0.3359375 
-0.328125 -0.3203125 -0.3125 -0.3046875 -0.296875 -0.2890625 -0.28125 
-0.2734375 -0.265625 -0.2578125 -0.25 -0.2421875 -0.234375 -0.2265625 
-0.21875 -0.2109375 -0.203125 -0.1953125 -0.1875 -0.1796875 -0.171875 
-0.1640625 -0.15625 -0.1484375 -0.140625 -0.1328125 -0.125 -0.1171875 
-0.109375 -0.1015625 -0.09375 -0.0859375 -0.078125 -0.0703125 -0.0625 
-0.0546875 -0.046875 -0.0390625 -0.03125 -0.0234375 -0.015625 -0.0078125 0 
0.0078125 0.015625 0.0234375 0.03125 0.0390625 0.046875 0.0546875 0.0625 
0.0703125 0.078125 0.0859375 0.09375 0.1015625 0.109375 0.1171875 0.125 
0.1328125 0.140625 0.1484375 0.15625 0.1640625 0.171875 0.1796875 0.1875 
0.1953125 0.203125 0.2109375 0.21875 0.2265625 0.234375 0.2421875 0.25 
0.2578125 0.265625 0.2734375 0.28125 0.2890625 0.296875 0.3046875 0.3125 
0.3203125 0.328125 0.3359375 0.34375 0.3515625 0.359375 0.3671875 0.375 
0.3828125 0.390625 0.3984375 0.40625 0.4140625 0.421875 0.4296875 0.4375 
0.4453125 0.453125 0.4609375 0.46875 0.4765625 0.484375 0.4921875
##$PVM_EncGenTotalSteps=128
##$PVM_EncGenLoopOuter=1
##$PVM_TriggerModule=On
##$PVM_TriggerMode=per_PhaseStep
##$PVM_TriggerDelay=1
##$PVM_TriggerDur=0.01
##$PVM_TriggerModuleTime=1.01
##END=
$$ File finished by PARX at 2026-03-13 14:11:23.189 +0900
