##TITLE=Parameter List, ParaVision 360 V3.6
##JCAMPDX=4.24
##DATATYPE=Parameter Values
##ORIGIN=Bruker BioSpin GmbH & Co. KG
##OWNER=neuro
$$ Write Options: Symbolic Enums
$$ 2026-03-13 14:44:21.428 +0900  neuro@czc4217pzz
$$ /opt/PV-360.3.6/data/neuro/20260313_135901_Kostya_260413_fiber_placement_engrams_1_13/9/MapShim
$$ process /opt/PV-360.3.6/prog/bin/parxserver
##$PVM_MapShimReady=Yes
##$PVM_MapShimLocShim=Yes
##$PVM_MapShimStatus=( 128 )
<Mapshim ready.>
##$PVM_MapShimFailure=( 1, 21 )
<Mapshim is possible.>
##$PVM_MapShimCalcStat=( 256 )
<Succeeded>
##$PVM_DynamicShim=( 1, 10 )
0 0 0 0 0 0 0 0 0 0
##$PVM_MapShimNVolumes=1
##$PVM_MapShimVolDescr=(<BRUKER_SHIMVOL>, GeoCuboidPackId, 
Ellipsoid_In_GobjShape, <PVM_MapShimVolumes>, <>, 0, <+1; 1st dir> <+2; 2nd 
dir> <+3; 3rd dir>, Yes, 524288)
##$PVM_MapShimVolumes=( 1 )
(((0.99999069832886101 -0.0035305568139431301 0.0024775843761838598 
0.0035101320946046601 0.99996021631530396 0.0082002901976079602 
-0.0025064373991817599 -0.0081915172727690198 0.99996330773500597, 
-1.3820197529253311 -0.18750363870516717 -0.70101799682786148, 0 0 0), 
10.845673248479791 7.9044460741427853 12.54765615310936, <+1; 1st dir> <+2; 
2nd dir> <+3; 3rd dir>, 0), 1, 1, 1, 12.54765615310936, 0, No)
##$PVM_MapShimVolShape=Ellipsoid
##$PVM_StudyB0Map=(</opt/PV-360.3.6/data/neuro>, 
<20260313_135901_Kostya_260413_fiber_placement_engrams_1_13>, 8, 1, 
<2.16.756.5.5.200.8323328.528993.1773380424.773>, <B0Map_Standard>, <>)
##$PVM_B0MapShimset=( 10 )
0 6.1310749980926218 0 0 3.1288624399176013 -21.27718013275349 0 0 0 0
##$PVM_ReqShimEnum=Map_Shim
##$PVM_MapShimUseShims=AllShims
##$PVM_MapShimVolDerive=No
##$PVM_MapShimVolMargin=( 3 )
0 0 0
##$PVM_MapShimVolMaster=( 65 )
<PVM_SliceGeoObj>
##$PVM_DynamicShimEnable=No
##$PVM_DynamicShimConstrainToFast=No
##$PVM_DynamicShimSliceMargin=1
##$PVM_DynamicShimEventDuration=30
##$PVM_ShimCoeffNcal=10
##$PVM_ShimCoeffNcoeff=36
##$PVM_ShimCoeffId=( 10, 42 )
<Ch1: Spf17 FRED> <Ch2: Spf3 Gradient Z> <Ch3: Spf4 SPS1,1 CoilPins=B1-B2 
CoilId=1> <Ch4: Spf9 SPS1,6 CoilPins=B4-B5 CoilId=6> <Ch5: Spf1 Gradient X> 
<Ch6: Spf2 Gradient Y> <Ch7: Spf5 SPS1,3 CoilPins=C4-C5 CoilId=2> <Ch8: Spf6 
SPS1,2 CoilPins=D1-D2 CoilId=3> <Ch9: Spf7 SPS1,5 CoilPins=F1-F2 CoilId=4> 
<Ch10: Spf8 SPS1,4 CoilPins=E4-E5 CoilId=5>
##$PVM_ShimCoeffHwStatus=( 1024 )
<B-GA12SHP INSERT FOR BGA20S BC94/30 (BFR W3307165/0121).165934558>
##$PVM_ShimCoeffCalVersion=( 128 )
<PV-360-1.1-V1>
##$PVM_ShimCoeffCoeff=( 10, 36 )
-625000 0 0 0 0 0 0 0 0 0 0 0 0 0 0 0 0 0 0 0 0 0 0 0 0 0 0 0 0 0 0 0 0 0 0 0 
-19.776129763494446 94.9260473700039 0.35546513938293461 0.30374412145171381 
0 0 0 0 0 0 0 0 0 0 0 0 0 0 0 0 0 0 0 0 0 0 0 0 0 0 0 0 0 0 0 0 
280.6933154038631 -0 -0 -0.21793259060620068 -2.4857269418384966 -0 -0 -0 -0 
-0.0014824155532472127 -0 -0 -0 -0 -0 -0 0 0 0 0 0 0 0 0 0 0 0 0 0 0 0 0 0 0 
0 0 5.2863021688330214 0.61030957736866898 -0 -0.0098506761594056632 
0.003153690023090191 -0.0040071534324511958 -0 -0 -0 -0.010055203105609024 -0 
-0 -0 -0 -0 -0 -0 -0 -0 -0 -0 -0 -0 -0 -0 -7.9286074155452522e-07 -0 -0 -0 -0 
-0 -0 -0 -0 -0 -0 74.32691440642995 0 94.71021651668913 -0.33638897461112494 
0 0 0 0 0 0 0 0 0 0 0 0 0 0 0 0 0 0 0 0 0 0 0 0 0 0 0 0 0 0 0 0 
16.726118907697984 -0.53408351882728933 0.82654798088916315 
94.236165814158866 0 0 0 0 0 0 0 0 0 0 0 0 0 0 0 0 0 0 0 0 0 0 0 0 0 0 0 0 0 
0 0 0 25.924098401528134 1.4601868263682005 0 0.4356608269383388 0 
7.5460503718410408 0.016080288054823786 0.047895284359401824 0 
-0.0018275302140132062 0 0.0036562943211782962 0 0 0 0 
-0.00010923032535588375 0 0 0 0 0 0 0 0 0 0 0 0 0 0 0 0 0 0 0 
7.6317161700971337 -1.2271716788898064 -0.30941394875377054 
-1.0365836863575428 0 0 0 7.2983304569955587 0 -0.0020290327096502401 0 
-0.0035586260541342991 0 0 0 0 0 0 0 0 0 0 0 0 0 0 0 0 0 0 0 0 0 0 0 0 
34.410319754687926 0.18565635120151078 0.48261484576156582 
0.20495880174590914 0 0 -0.02646057970522046 0 3.3808476211912848 0 0 0 0 0 0 
0 0 0 0 0 0 0 0 0 0 0 0 0 0 0 0 0 0 0 0 0 32.769415211912197 0 
-0.23695754259437715 0.81657835782158705 0 0 3.5443404943943571 0 
0.041580700334079318 0 0 0 0 0 0 0 0 0 0 0 0 0 0 0 0 0 0 0 0 0 0 0 0 0 0 0
##$PVM_ShimCoeffCoeffSD=( 10, 36 )
0 0 0 0 0 0 0 0 0 0 0 0 0 0 0 0 0 0 0 0 0 0 0 0 0 0 0 0 0 0 0 0 0 0 0 0 
0.040875984273890761 0.0063023538704434136 0.0062789575929737742 
0.0063023538704434596 0 0 0 0 0 0 0 0 0 0 0 0 0 0 0 0 0 0 0 0 0 0 0 0 0 0 0 0 
0 0 0 0 -0.024588939747905162 -0 -0 -0.0037911674884355756 
-0.00039654502386301166 -0 -0 -0 -0 -3.6546714022288173e-05 -0 -0 -0 -0 -0 -0 
0 0 0 0 0 0 0 0 0 0 0 0 0 0 0 0 0 0 0 0 -0.001281091389748103 
-0.00019756288479191902 -0 -0.00019752100238244055 -2.0660118773996306e-05 
-3.5837620900393887e-05 -0 -0 -0 -1.905155577675429e-06 -0 -0 -0 -0 -0 -0 -0 
-0 -0 -0 -0 -0 -0 -0 -0 -1.3294011268229636e-08 -0 -0 -0 -0 -0 -0 -0 -0 -0 -0 
0.043717490141385554 0 0.0067154411458257134 0.0067404638222895528 0 0 0 0 0 
0 0 0 0 0 0 0 0 0 0 0 0 0 0 0 0 0 0 0 0 0 0 0 0 0 0 0 0.043857484532644236 
0.0067620484815768579 0.006736945676213915 0.0067620484815769065 0 0 0 0 0 0 
0 0 0 0 0 0 0 0 0 0 0 0 0 0 0 0 0 0 0 0 0 0 0 0 0 0 0.040244577116557267 
0.0062056528652218645 0 0.0062045936800521565 0 0.0011257429512035349 
0.00056405083657221403 0.0011423547085997363 0 5.9819353688522424e-05 0 
0.0001171574966496813 0 0 0 0 5.113808652854855e-06 0 0 0 0 0 0 0 0 0 0 0 0 0 
0 0 0 0 0 0 0.030503000960770972 0.0047038261453558388 0.0046855642229379881 
0.0047030232930206873 0 0 0 0.00086589405857616744 0 4.5342504002324678e-05 0 
8.8804273753960065e-05 0 0 0 0 0 0 0 0 0 0 0 0 0 0 0 0 0 0 0 0 0 0 0 0 
0.031980998645812768 0.0049308566342156591 0.0049125517766420252 
0.0049308566342156938 0 0 0.00044818772434530049 0 0.00044731995240958512 0 0 
0 0 0 0 0 0 0 0 0 0 0 0 0 0 0 0 0 0 0 0 0 0 0 0 0 0.031493335673441647 0 
0.0048376426211195478 0.0048556683566635455 0 0 0.00044135352381719791 0 
0.0004404989841212309 0 0 0 0 0 0 0 0 0 0 0 0 0 0 0 0 0 0 0 0 0 0 0 0 0 0 0
##$PVM_CfgInfoMr_ElectronicSystem=( 128 )
<AVANCE NEO>
##$PVM_CfgInfoMr_FieldStrength=9.4016835752805452
##$PVM_CfgInfoMr_Frequency=400.30000000000001
##$PVM_CfgInfoMr_OperationMode=( 1024 )
<[1H] TX Volume Array, RX Surface>
##$PVM_CfgInfoMr_GradientCoil=( 1024 )
<B-GA12SHP INSERT FOR BGA20S BC94/30 (BFR_W3307165_0121)>
##$PVM_CfgInfoMr_GradientController=( 3, 1024 )
<Gradient Controller (BFR_W149910_2146)> <Gradient Controller 
(BFR_W149910_2141)> <Gradient Controller (BFR_W149910_2160)>
##$PVM_CfgInfoMr_GradientAmplifier=( 3, 1024 )
<BGA> <BGA> <BGA>
##$PVM_CfgInfoMr_GradientPowerSupply=( 3, 1024 )
<IECO_300A_500V> <IECO_300A_500V> <IECO_300A_500V>
##$PVM_CfgInfoMr_GradientPowerSupplyImax=( 10 )
300 300 300 0 0 0 0 0 0 0
##$PVM_CfgInfoMr_ShimCoil=( 1024 )
<B-GA12SHP INSERT FOR BGA20S BC94/30 (BFR_W3307165_0121)>
##$PVM_CfgInfoMr_ShimController=( 1, 1024 )
<Shim Controller (BFR_W149910_2167)>
##$PVM_CfgInfoMr_ShimUnitType=( 128 )
<GTCUBE>
##$PVM_CfgInfoMr_ShimPowerSupply=( 1, 1024 )
<BSPS_66010>
##$PVM_CfgInfoMr_SPSOutputChannels=6
##$PVM_CfgInfoMr_SPSToCoilChan=( 6, 11 )
<Shim_Z2> <Shim_YZ> <Shim_XZ> <Shim_X2_Y2> <Shim_2XY> <Shim_Z3>
##$PVM_CfgInfoMr_SPSToCoilImax=( 6 )
10 10 10 10 10 10
##$PVM_CfgInfoMr_SPSToCoilUmax=( 6 )
60 60 60 60 60 60
##$PVM_CfgInfoMr_ShimMaxValue=131070
##$PVM_CfgInfoMr_RfPowerTransmitter=( 1, 1024 )
<AV4 BLA2BB500 15-650 (W148220_000279)>
##$PVM_CfgInfoMr_Transceiver=( 6, 1024 )
<AV4 TRANSCEIVER 1200 (BCH_Z148391_11359)> <AV4 TRANSCEIVER 1200 
(BCH_Z148391_11360)> <AV4 TRANSCEIVER 1200 (BCH_Z148391_11351)> <AV4 
TRANSCEIVER 1200 (BCH_Z148391_11347)> <AV4 TRANSCEIVER 1200 
(BCH_Z148391_11348)> <AV4 TRANSCEIVER 1200 (BCH_Z148391_11361)>
##$PVM_CfgInfoMr_ShimChecksumComponentName=( 30, 33 )
<GTCUBE> <shimMaxVal=131070> <nSPS=6> <Shim_Z2> <SPS_vmax[0]=60> 
<SPS_imax[0]=10000> <Shim_YZ> <SPS_vmax[1]=60> <SPS_imax[1]=10000> <Shim_XZ> 
<SPS_vmax[2]=60> <SPS_imax[2]=10000> <Shim_X2_Y2> <SPS_vmax[3]=60> 
<SPS_imax[3]=10000> <Shim_2XY> <SPS_vmax[4]=60> <SPS_imax[4]=10000> <Shim_Z3> 
<SPS_vmax[5]=60> <SPS_imax[5]=10000> <shimStatus=BFR_W3307165_0121> <nGPS=3> 
<IECO_300A_500V> <GPS_imax[1]=300000> <IECO_300A_500V> <GPS_imax[2]=300000> 
<IECO_300A_500V> <GPS_imax[4]=300000> <gradientStatus=BFR_W3307165_0121>
##$PVM_CfgInfoMr_ShimChecksumComponentValue=( 30, 33 )
<ShimUnit=7> <shimMaxVal=131070> <nSPS=6> <SPS_ch2sh[0]=2> <SPS_vmax[0]=60> 
<SPS_imax[0]=10000> <SPS_ch2sh[1]=8> <SPS_vmax[1]=60> <SPS_imax[1]=10000> 
<SPS_ch2sh[2]=7> <SPS_vmax[2]=60> <SPS_imax[2]=10000> <SPS_ch2sh[3]=10> 
<SPS_vmax[3]=60> <SPS_imax[3]=10000> <SPS_ch2sh[4]=9> <SPS_vmax[4]=60> 
<SPS_imax[4]=10000> <SPS_ch2sh[5]=3> <SPS_vmax[5]=60> <SPS_imax[5]=10000> 
<shimStatus=BFR_W3307165_0121> <nGPS=3> <GPS_type[1]=8> <GPS_imax[1]=300000> 
<GPS_type[2]=8> <GPS_imax[2]=300000> <GPS_type[4]=8> <GPS_imax[4]=300000> 
<gradientStatus=BFR_W3307165_0121>
##$PVM_CfgInfoMr_NShimChecksumComponents=30
##$PVM_MapShimReportBasicShimStatistics=( 2 )
(Yes, <Map>, 490.90862274169922, 38130, 8.3305259549400255, 62.89502498851482,
 -319.6557712895991, 472.66369170185135, 44.066834672267305, 100, 174, 410) 
(Yes, <Basic Shim>, 490.90862274169922, 38130, 8.2081321394154944e-11, 
57.563705073605227, -377.89170559387588, 447.87980784451406, 
38.293251492557786, 100, 571, 703)
##$PVM_MapShimReportDynamicShimStatistics=( 2, 1 )
(No, <>, 0, 0, 0, 0, 0, 0, 0, 0, 0, 0) (No, <>, 0, 0, 0, 0, 0, 0, 0, 0, 0, 0)
##$PVM_AdjShimset=( 10 )
-0.0011276654303821923 7.2491625700496991 -2.1968620640516772 
49.995000000001021 3.1350088624832666 -18.25434328050483 1.732748144263299 
4.86229889792987 -0.72234755994851352 2.5847812414155591
##$PVM_MapShimReportBasicShimHistograms=( 4, 100 )
-178.46769826094899 -174.69399676163812 -170.92029526232722 
-167.14659376301634 -163.37289226370544 -159.59919076439456 
-155.82548926508366 -152.05178776577279 -148.27808626646188 
-144.50438476715101 -140.73068326784011 -136.9569817685292 
-133.18328026921833 -129.40957876990745 -125.63587727059655 
-121.86217577128566 -118.08847427197477 -114.31477277266389 -110.541071273353 
-106.76736977404211 -102.99366827473122 -99.219966775420332 
-95.446265276109443 -91.672563776798555 -87.898862277487666 
-84.125160778176777 -80.351459278865889 -76.577757779555 -72.804056280244112 
-69.030354780933223 -65.256653281622334 -61.482951782311446 
-57.709250283000543 -53.935548783689654 -50.16184728437878 
-46.388145785067877 -42.614444285757003 -38.8407427864461 -35.067041287135226 
-31.293339787824323 -27.519638288513448 -23.745936789202545 
-19.972235289891671 -16.198533790580768 -12.424832291269894 
-8.651130791958991 -4.8774292926481166 -1.1037277933372138 2.669973705973689 
6.4436752052845634 10.217376704595466 13.991078203906341 17.764779703217243 
21.538481202528118 25.312182701839021 29.085884201149895 32.859585700460798 
36.633287199771672 40.406988699082575 44.180690198393449 47.954391697704352 
51.728093197015227 55.501794696326129 59.275496195637004 63.049197694947907 
66.822899194258781 70.596600693569684 74.370302192880558 78.144003692191461 
81.917705191502364 85.69140669081321 89.465108190124113 93.238809689435016 
97.012511188745918 100.78621268805676 104.55991418736767 108.33361568667857 
112.10731718598947 115.88101868530032 119.65472018461122 123.42842168392212 
127.20212318323303 130.97582468254393 134.74952618185478 138.52322768116568 
142.29692918047658 146.07063067978748 149.84433217909833 153.61803367840923 
157.39173517772014 161.16543667703104 164.93913817634188 168.71283967565279 
172.48654117496369 176.26024267427459 180.03394417358544 183.80764567289634 
187.58134717220724 191.35504867151815 195.12875017082899 0.011919698870765371 
0.012547051442910916 0.013174404015056462 0.015683814303638646 
0.025721455457967377 0.018820577164366373 0.025721455457967377 
0.028230865746549563 0.026348808030112924 0.018820577164366373 
0.03262233375156838 0.031367628607277293 0.03262233375156838 
0.045796737766624844 0.042659974905897118 0.0451693851944793 
0.052697616060225848 0.056461731493099125 0.068381430363864487 
0.079673776662484319 0.071518193224592227 0.085319949811794235 
0.071518193224592227 0.089084065244667499 0.10853199498117942 
0.11543287327478043 0.12233375156838143 0.13801756587202008 
0.15119196988707653 0.15934755332496864 0.19510664993726473 0.185069008782936 
0.2258469259723965 0.21518193224592222 0.25784190715181932 
0.28356336260978671 0.33563362609786701 0.36888331242158096 
0.40589711417816815 0.45545796737766625 0.58594730238393977 
0.72710163111668757 0.7898368883312421 0.81367628607277287 
0.85508155583437895 0.92283563362609788 0.96549560853199501 1 
0.99498117942283559 0.83939774153074032 0.76599749058971145 
0.70326223337515681 0.68255959849435388 0.63927227101631112 
0.58092848180677537 0.51819322459222084 0.53324968632371395 
0.46361355081555833 0.41907151819322458 0.39084065244667504 
0.3613550815558344 0.3613550815558344 0.33312421580928481 0.29673776662484314 
0.26599749058971139 0.2233375156838143 0.21706398996235884 
0.22396486825595985 0.1794228356336261 0.14805520702634881 
0.15746549560853199 0.1355081555834379 0.13739021329987453 
0.12986198243412797 0.12045169385194479 0.11104140526976161 
0.10727728983688833 0.10476787954830614 0.094730238393977415 
0.082810539523212046 0.076537013801756593 0.069636135508155589 
0.062735257214554585 0.064617314930991224 0.057716436637390213 
0.055834378920953574 0.052070263488080304 0.050815558343789209 
0.046424090338770388 0.041405269761606023 0.035759096612296114 
0.040150564617314928 0.035759096612296114 0.023212045169385194 
0.024466750313676285 0.024466750313676285 0.024466750313676285 
0.023212045169385194 0.020075282308657464 0.016938519447929738 
-170.96420406852545 -167.51038176410913 -164.05655945969281 
-160.60273715527649 -157.14891485086019 -153.69509254644387 
-150.24127024202755 -146.78744793761123 -143.33362563319491 
-139.87980332877862 -136.4259810243623 -132.97215871994598 
-129.51833641552969 -126.06451411111337 -122.61069180669705 
-119.15686950228073 -115.70304719786441 -112.2492248934481 -108.7954025890318 
-105.34158028461547 -101.88775798019917 -98.433935675782848 
-94.980113371366542 -91.526291066950222 -88.072468762533902 
-84.618646458117595 -81.164824153701275 -77.711001849284969 
-74.257179544868649 -70.803357240452343 -67.349534936036022 
-63.895712631619716 -60.441890327203396 -56.98806802278709 
-53.534245718370769 -50.080423413954463 -46.626601109538143 
-43.172778805121823 -39.718956500705531 -36.26513419628921 -32.81131189187289 
-29.35748958745657 -25.903667283040249 -22.449844978623958 
-18.996022674207637 -15.542200369791317 -12.088378065374997 
-8.6345557609587047 -5.1807334565423844 -1.7269111521260641 
1.7269111522902563 5.1807334567065482 8.6345557611228685 12.088378065539189 
15.542200369955509 18.996022674371801 22.449844978788121 25.903667283204442 
29.357489587620762 32.811311892037082 36.265134196453374 39.718956500869695 
43.172778805286015 46.626601109702335 50.080423414118627 53.534245718534947 
56.988068022951268 60.441890327367588 63.89571263178388 67.3495349362002 
70.803357240616521 74.257179545032841 77.711001849449161 81.164824153865453 
84.618646458281773 88.072468762698065 91.526291067114414 94.980113371530706 
98.433935675947055 101.88775798036335 105.34158028477964 108.79540258919599 
112.24922489361228 115.70304719802857 119.15686950244492 122.61069180686121 
126.06451411127756 129.51833641569385 132.97215872011014 136.42598102452649 
139.87980332894278 143.33362563335913 146.78744793777543 150.24127024219172 
153.69509254660807 157.14891485102436 160.60273715544065 164.056559459857 
167.51038176427329 170.96420406868964 0.022154489455127026 
0.019240704792917993 0.023903710916290032 0.022739513355181543 
0.032653474621480397 0.021575681434010584 0.025076683835899335 
0.027409466637366722 0.025659879536266184 0.030900962400879584 
0.033823156781651896 0.041982046347787211 0.03965145738594502 
0.040241965885062549 0.045485608229238687 0.037327449942978458 
0.062393530220689303 0.064727044302031758 0.058322860796122471 
0.068237553342296392 0.067067139902249828 0.081063105431179061 
0.080472231292124011 0.094470390660678458 0.095064555559171329 
0.096234237719342836 0.1009009002420902 0.11314947250954413 
0.12714507239853584 0.14754887783274973 0.13999292852360809 
0.14464971876804206 0.16215838717686115 0.18255122341294899 
0.20355796910415658 0.22222352227533348 0.20535179863769876 
0.24383796154272266 0.2735838673809321 0.32140481789120096 0.3296404918442184 
0.38567444663137757 0.41718383388831387 0.51103336793505949 
0.59906483929576293 0.72091581103874292 0.83051272591520586 
0.90513508384672237 0.94942724331984985 0.99654579951011568 1 
0.9329379790568757 0.92709761233464394 0.893268239674054 0.82271179784791648 
0.73058808430633182 0.66648555301760815 0.5749406474971398 
0.48341036757417288 0.42569373779448189 0.35573694546590029 
0.32717827250486398 0.28403239423590576 0.23796761234561314 
0.19598593163776346 0.2029550288471629 0.18838062093705474 0.1598259700153313 
0.14114944764602838 0.14929078649516203 0.12889721897919912 
0.13005008170224405 0.13296532892420321 0.12305283021765449 
0.092740182476267238 0.087489227333340414 0.077578922466416886 
0.085154250692247829 0.080485759969812776 0.065325231239837495 
0.064155914719603538 0.054243781652992339 0.050742779251103598 
0.047829725868769629 0.044328723466880889 0.043744796486638975 
0.032668831498856826 0.036747910641986944 0.03849384134371215 
0.033828275740777375 0.026248194195758506 0.028582073917038493 
0.02275121383318263 0.025075221276149199 0.023327462374736329 
0.012253691226579393 0.016333501649584581 0.012835790007133637 
0.011085471626158028 0.015163453849475546
##$PVM_MapShimReportDynamicShimHistograms=( 1, 4, 100 )
0 0 0 0 0 0 0 0 0 0 0 0 0 0 0 0 0 0 0 0 0 0 0 0 0 0 0 0 0 0 0 0 0 0 0 0 0 0 0 
0 0 0 0 0 0 0 0 0 0 0 0 0 0 0 0 0 0 0 0 0 0 0 0 0 0 0 0 0 0 0 0 0 0 0 0 0 0 0 
0 0 0 0 0 0 0 0 0 0 0 0 0 0 0 0 0 0 0 0 0 0 0 0 0 0 0 0 0 0 0 0 0 0 0 0 0 0 0 
0 0 0 0 0 0 0 0 0 0 0 0 0 0 0 0 0 0 0 0 0 0 0 0 0 0 0 0 0 0 0 0 0 0 0 0 0 0 0 
0 0 0 0 0 0 0 0 0 0 0 0 0 0 0 0 0 0 0 0 0 0 0 0 0 0 0 0 0 0 0 0 0 0 0 0 0 0 0 
0 0 0 0 0 0 0 0 0 0 0 0 0 0 0 0 0 0 0 0 0 0 0 0 0 0 0 0 0 0 0 0 0 0 0 0 0 0 0 
0 0 0 0 0 0 0 0 0 0 0 0 0 0 0 0 0 0 0 0 0 0 0 0 0 0 0 0 0 0 0 0 0 0 0 0 0 0 0 
0 0 0 0 0 0 0 0 0 0 0 0 0 0 0 0 0 0 0 0 0 0 0 0 0 0 0 0 0 0 0 0 0 0 0 0 0 0 0 
0 0 0 0 0 0 0 0 0 0 0 0 0 0 0 0 0 0 0 0 0 0 0 0 0 0 0 0 0 0 0 0 0 0 0 0 0 0 0 
0 0 0 0 0 0 0 0 0 0 0 0 0 0 0 0 0 0 0 0 0 0 0 0 0 0 0 0 0 0 0 0 0 0 0 0 0 0 0 
0 0 0 0 0 0 0 0 0 0
##$PVM_MapShimReportShimCalcStatus=( 1, 11 )
<Succeeded.>
##$PVM_MapShimReportNDynamicShims=1
##$PVM_MapShimReportNShims=10
##$PVM_MapShimReportShimProperties=( 10 )
(<Z0>, 1, 0) (<Z>, 3.6583581288717624, 0) (<Z2>, 10, 1) (<Z3>, 10, 1) (<X>, 
3.6399373930768393, 0) (<Y>, 3.6144578313253017, 0) (<ZX>, 10, 1) (<ZY>, 10, 
1) (<2XY>, 10, 1) (<X2-Y2>, 10, 1)
##$PVM_MapShimReportShimIdentifiers=( 10, 42 )
<Ch1: Spf17 FRED> <Ch2: Spf3 Gradient Z> <Ch3: Spf4 SPS1,1 CoilPins=B1-B2 
CoilId=1> <Ch4: Spf9 SPS1,6 CoilPins=B4-B5 CoilId=6> <Ch5: Spf1 Gradient X> 
<Ch6: Spf2 Gradient Y> <Ch7: Spf5 SPS1,3 CoilPins=C4-C5 CoilId=2> <Ch8: Spf6 
SPS1,2 CoilPins=D1-D2 CoilId=3> <Ch9: Spf7 SPS1,5 CoilPins=F1-F2 CoilId=4> 
<Ch10: Spf8 SPS1,4 CoilPins=E4-E5 CoilId=5>
##$PVM_MapShimReportShimHardwareChainIdentifier=( 66 )
<B-GA12SHP INSERT FOR BGA20S BC94/30 (BFR W3307165/0121).165934558>
##$PVM_MapShimGradCC=283645.79999999999
##$PVM_MapShimScalingFactors=( 3 )
0.99299999999999999 1 0.98799999999999999
##$PVM_MapShimReportCradlePositions=( 2 )
0 0
##END=
$$ File finished by PARX at 2026-03-13 14:44:21.428 +0900
