##TITLE=Parameter List, ParaVision 360 V3.6
##JCAMPDX=4.24
##DATATYPE=Parameter Values
##ORIGIN=Bruker BioSpin GmbH & Co. KG
##OWNER=neuro
$$ Write Options: Symbolic Enums, RLE encoded arrays
$$ 2026-03-13 14:40:44.640 +0900  neuro@czc4217pzz
$$ /opt/PV-360.3.6/data/neuro/20260313_135901_Kostya_260413_fiber_placement_engrams_1_13/AdjProtocols/B0Map_Standard_PROTOCOL_true
$$ process /opt/PV-360.3.6/prog/bin/parxserver
##$Method=<Bruker:FieldMap>
##$PVM_GeoObj=( 1, 65 )
<PVM_SliceGeoObj>
##$PVM_StudyInstrumentPosition=Head_Prone
##$PVM_ExportHandler=( 3 )
(<BRUKER_PARIMPORT_SLICEGEO>, <>, <Slice Geometry>) (<BRUKER_PARIMPORT_FOVSAT>
, <>, <FOV Saturation>) (<BRUKER_PARIMPORT_SLICEORIENT>, <>, <Slice 
Orientation>)
##$FirstEchoTime=1.6437999999999999
##$MinFirstEchoTime=1.6437999999999999
##$YesNoMinEchoTime=Yes
##$PVM_NEchoImages=2
##$FWInphase=Yes
##$EchoSpacing=1.427
##$MinEchoSpacing=1.2498322770494887
##$EffectiveTE=( 2 )
1.6437999999999999 3.0708000000000002
##$RephaseTime=0.43481613852474421
##$RephaseGrad=68.566788992647503
##$PVM_RepetitionTime=11.133051705143057
##$PVM_NAverages=2
##$PVM_ScanTime=91201.959568531922
##$PVM_DeriveGains=Yes
##$ExcPulse1Enum=<bp>
##$ExcPulse1=(0.050000000000000003, 25600, 10, No, 3, 1280, 1, 1, 0, 50, 
7.5840032910264155, <bp.exc>)
##$ExcPulse1Ampl=(7.5840032910264155, 19.473062536522619, -8.7989851278917399)
##$PVM_GradCalConst=28364.579999999998
##$PVM_Nucleus1Enum=<1H>
##$PVM_Nucleus1=( 8 )
<1H>
##$PVM_RefPowMod1=AutoAdj
##$PVM_RefPowCh1=1.5357606664328489
##$PVM_RefPowStat1=( 1024 )
<Study: Adj by Bruker:AdjRefPowADJ_REF_POW>
##$PVM_Nucleus2Enum=<1H>
##$PVM_Nucleus3Enum=<1H>
##$PVM_Nucleus4Enum=<1H>
##$PVM_Nucleus5Enum=<1H>
##$PVM_Nucleus6Enum=<1H>
##$PVM_Nucleus7Enum=<1H>
##$PVM_Nucleus8Enum=<1H>
##$PVM_FrqRef=( 8 )
400.30774436548796 0 0 0 0 0 0 0
##$PVM_FrqWorkOffset=( 8 )
0 0 0 0 0 0 0 0
##$PVM_FrqWork=( 8 )
400.30774436548796 0 0 0 0 0 0 0
##$PVM_FrqRefPpm=( 8 )
4.7000000000000002 0 0 0 0 0 0 0
##$PVM_FrqWorkOffsetPpm=( 8 )
0 0 0 0 0 0 0 0
##$PVM_FrqWorkPpm=( 8 )
4.7000000000000002 0 0 0 0 0 0 0
##$PVM_NucleiPpmWork=( 20 )
(<1H>, 4.7000000000000002) (<none>, 0) (<none>, 0) (<none>, 0) (<none>, 0) 
(<none>, 0) (<none>, 0) (<none>, 0) (<none>, 0) (<none>, 0) (<none>, 0) 
(<none>, 0) (<none>, 0) (<none>, 0) (<none>, 0) (<none>, 0) (<none>, 0) 
(<none>, 0) (<none>, 0) (<none>, 0)
##$PVM_TxCoilScMode1=AutoAdj
##$PVM_TxCoilAdjStat1=( 1024 )
<System (Coil)>
##$PVM_TxCoilAmpScaling1=( 2 )
100 100
##$PVM_TxCoilPhaseOffset1=( 2 )
0 90
##$PVM_EncGenOpt=No
##$PVM_EncGenEllipse=No
##$PVM_MbEncNBands=1
##$PVM_MbEncAccelFactor=1
##$PVM_MbEncBlipFactor=1
##$PVM_EncGen3D=No
##$PVM_EncGen4D=No
##$PVM_EncGenPpi=No
##$PVM_EncGenCaipirinha=No
##$PVM_EncGenTCaipirinha=No
##$PVM_EncVirtualCoils=No
##$PVM_EncCS=No
##$PVM_EncCSUndersampling=100
##$PVM_EncCSCenterRatio=10
##$PVM_EncCSNumRef=( 3 )
64 64 64
##$PVM_EncCSGradOpt=Yes
##$PVM_EncCSEllipse=No
##$PVM_EncPftAlgorithm=Zerofilling
##$PVM_EncPpiRefScan=No
##$PVM_IsEpiScan=Yes
##$PVM_SpatDimEnum=<3D>
##$PVM_IsotropicFovRes=Isot_Resolution
##$PVM_Matrix=( 3 )
64 64 64
##$PVM_MinMatrix=( 3 )
32 8 8
##$PVM_MaxMatrix=( 3 )
1024 1024 256
##$PVM_DefMatrix=( 3 )
64 64 64
##$PVM_AntiAlias=( 3 )
1 1 1
##$PVM_MaxAntiAlias=( 3 )
2 8 8
##$PVM_EncSpectroscopy=No
##$PVM_EncUseMultiRec=No
##$PVM_EncActReceivers=( 1 )
On
##$PVM_EncZf=( 3 )
1 1 1
##$PVM_EncPft=( 3 )
1 1 1
##$PVM_EncPftOverscans=( 3 )
32 32 32
##$PVM_EncPpi=( 3 )
1 1 1
##$PVM_EncPpiRefLines=( 3 )
0 0 0
##$PVM_EncPpiGopRefLines=( 3 )
32 24 24
##$PVM_EncOrder=( 3 )
LINEAR_ENC LINEAR_ENC LINEAR_ENC
##$PVM_EncStart=( 3 )
0 -1 -1
##$PVM_EncNReceivers=1
##$PVM_EncAvailReceivers=6
##$PVM_EncChanScaling=( 1 )
0.98632200000000003
##$PVM_EncChanPhase=( 1 )
295.67169999999999
##$PVM_EncMatrix=( 3 )
64 64 64
##$PVM_EncTotalAccel=1
##$PVM_EncSteps0=( 1 )
0
##$PVM_EncSteps1=( 64 )
-32 -31 -30 -29 -28 -27 -26 -25 -24 -23 -22 -21 -20 -19 -18 -17 -16 -15 -14 
-13 -12 -11 -10 -9 -8 -7 -6 -5 -4 -3 -2 -1 0 1 2 3 4 5 6 7 8 9 10 11 12 13 14 
15 16 17 18 19 20 21 22 23 24 25 26 27 28 29 30 31
##$PVM_EncSteps2=( 64 )
-32 -31 -30 -29 -28 -27 -26 -25 -24 -23 -22 -21 -20 -19 -18 -17 -16 -15 -14 
-13 -12 -11 -10 -9 -8 -7 -6 -5 -4 -3 -2 -1 0 1 2 3 4 5 6 7 8 9 10 11 12 13 14 
15 16 17 18 19 20 21 22 23 24 25 26 27 28 29 30 31
##$PVM_EncCentralStep1=1
##$PVM_EncCentralStep2=1
##$PVM_EncValues1=( 64 )
-1 -0.96875 -0.9375 -0.90625 -0.875 -0.84375 -0.8125 -0.78125 -0.75 -0.71875 
-0.6875 -0.65625 -0.625 -0.59375 -0.5625 -0.53125 -0.5 -0.46875 -0.4375 
-0.40625 -0.375 -0.34375 -0.3125 -0.28125 -0.25 -0.21875 -0.1875 -0.15625 
-0.125 -0.09375 -0.0625 -0.03125 0 0.03125 0.0625 0.09375 0.125 0.15625 
0.1875 0.21875 0.25 0.28125 0.3125 0.34375 0.375 0.40625 0.4375 0.46875 0.5 
0.53125 0.5625 0.59375 0.625 0.65625 0.6875 0.71875 0.75 0.78125 0.8125 
0.84375 0.875 0.90625 0.9375 0.96875
##$PVM_EncValues2=( 64 )
-1 -0.96875 -0.9375 -0.90625 -0.875 -0.84375 -0.8125 -0.78125 -0.75 -0.71875 
-0.6875 -0.65625 -0.625 -0.59375 -0.5625 -0.53125 -0.5 -0.46875 -0.4375 
-0.40625 -0.375 -0.34375 -0.3125 -0.28125 -0.25 -0.21875 -0.1875 -0.15625 
-0.125 -0.09375 -0.0625 -0.03125 0 0.03125 0.0625 0.09375 0.125 0.15625 
0.1875 0.21875 0.25 0.28125 0.3125 0.34375 0.375 0.40625 0.4375 0.46875 0.5 
0.53125 0.5625 0.59375 0.625 0.65625 0.6875 0.71875 0.75 0.78125 0.8125 
0.84375 0.875 0.90625 0.9375 0.96875
##$PVM_EncGenSteps1=( 4096 )
-32 -31 -30 -29 -28 -27 -26 -25 -24 -23 -22 -21 -20 -19 -18 -17 -16 -15 -14 
-13 -12 -11 -10 -9 -8 -7 -6 -5 -4 -3 -2 -1 0 1 2 3 4 5 6 7 8 9 10 11 12 13 14 
15 16 17 18 19 20 21 22 23 24 25 26 27 28 29 30 31 -32 -31 -30 -29 -28 -27 
-26 -25 -24 -23 -22 -21 -20 -19 -18 -17 -16 -15 -14 -13 -12 -11 -10 -9 -8 -7 
-6 -5 -4 -3 -2 -1 0 1 2 3 4 5 6 7 8 9 10 11 12 13 14 15 16 17 18 19 20 21 22 
23 24 25 26 27 28 29 30 31 -32 -31 -30 -29 -28 -27 -26 -25 -24 -23 -22 -21 
-20 -19 -18 -17 -16 -15 -14 -13 -12 -11 -10 -9 -8 -7 -6 -5 -4 -3 -2 -1 0 1 2 
3 4 5 6 7 8 9 10 11 12 13 14 15 16 17 18 19 20 21 22 23 24 25 26 27 28 29 30 
31 -32 -31 -30 -29 -28 -27 -26 -25 -24 -23 -22 -21 -20 -19 -18 -17 -16 -15 
-14 -13 -12 -11 -10 -9 -8 -7 -6 -5 -4 -3 -2 -1 0 1 2 3 4 5 6 7 8 9 10 11 12 
13 14 15 16 17 18 19 20 21 22 23 24 25 26 27 28 29 30 31 -32 -31 -30 -29 -28 
-27 -26 -25 -24 -23 -22 -21 -20 -19 -18 -17 -16 -15 -14 -13 -12 -11 -10 -9 -8 
-7 -6 -5 -4 -3 -2 -1 0 1 2 3 4 5 6 7 8 9 10 11 12 13 14 15 16 17 18 19 20 21 
22 23 24 25 26 27 28 29 30 31 -32 -31 -30 -29 -28 -27 -26 -25 -24 -23 -22 -21 
-20 -19 -18 -17 -16 -15 -14 -13 -12 -11 -10 -9 -8 -7 -6 -5 -4 -3 -2 -1 0 1 2 
3 4 5 6 7 8 9 10 11 12 13 14 15 16 17 18 19 20 21 22 23 24 25 26 27 28 29 30 
31 -32 -31 -30 -29 -28 -27 -26 -25 -24 -23 -22 -21 -20 -19 -18 -17 -16 -15 
-14 -13 -12 -11 -10 -9 -8 -7 -6 -5 -4 -3 -2 -1 0 1 2 3 4 5 6 7 8 9 10 11 12 
13 14 15 16 17 18 19 20 21 22 23 24 25 26 27 28 29 30 31 -32 -31 -30 -29 -28 
-27 -26 -25 -24 -23 -22 -21 -20 -19 -18 -17 -16 -15 -14 -13 -12 -11 -10 -9 -8 
-7 -6 -5 -4 -3 -2 -1 0 1 2 3 4 5 6 7 8 9 10 11 12 13 14 15 16 17 18 19 20 21 
22 23 24 25 26 27 28 29 30 31 -32 -31 -30 -29 -28 -27 -26 -25 -24 -23 -22 -21 
-20 -19 -18 -17 -16 -15 -14 -13 -12 -11 -10 -9 -8 -7 -6 -5 -4 -3 -2 -1 0 1 2 
3 4 5 6 7 8 9 10 11 12 13 14 15 16 17 18 19 20 21 22 23 24 25 26 27 28 29 30 
31 -32 -31 -30 -29 -28 -27 -26 -25 -24 -23 -22 -21 -20 -19 -18 -17 -16 -15 
-14 -13 -12 -11 -10 -9 -8 -7 -6 -5 -4 -3 -2 -1 0 1 2 3 4 5 6 7 8 9 10 11 12 
13 14 15 16 17 18 19 20 21 22 23 24 25 26 27 28 29 30 31 -32 -31 -30 -29 -28 
-27 -26 -25 -24 -23 -22 -21 -20 -19 -18 -17 -16 -15 -14 -13 -12 -11 -10 -9 -8 
-7 -6 -5 -4 -3 -2 -1 0 1 2 3 4 5 6 7 8 9 10 11 12 13 14 15 16 17 18 19 20 21 
22 23 24 25 26 27 28 29 30 31 -32 -31 -30 -29 -28 -27 -26 -25 -24 -23 -22 -21 
-20 -19 -18 -17 -16 -15 -14 -13 -12 -11 -10 -9 -8 -7 -6 -5 -4 -3 -2 -1 0 1 2 
3 4 5 6 7 8 9 10 11 12 13 14 15 16 17 18 19 20 21 22 23 24 25 26 27 28 29 30 
31 -32 -31 -30 -29 -28 -27 -26 -25 -24 -23 -22 -21 -20 -19 -18 -17 -16 -15 
-14 -13 -12 -11 -10 -9 -8 -7 -6 -5 -4 -3 -2 -1 0 1 2 3 4 5 6 7 8 9 10 11 12 
13 14 15 16 17 18 19 20 21 22 23 24 25 26 27 28 29 30 31 -32 -31 -30 -29 -28 
-27 -26 -25 -24 -23 -22 -21 -20 -19 -18 -17 -16 -15 -14 -13 -12 -11 -10 -9 -8 
-7 -6 -5 -4 -3 -2 -1 0 1 2 3 4 5 6 7 8 9 10 11 12 13 14 15 16 17 18 19 20 21 
22 23 24 25 26 27 28 29 30 31 -32 -31 -30 -29 -28 -27 -26 -25 -24 -23 -22 -21 
-20 -19 -18 -17 -16 -15 -14 -13 -12 -11 -10 -9 -8 -7 -6 -5 -4 -3 -2 -1 0 1 2 
3 4 5 6 7 8 9 10 11 12 13 14 15 16 17 18 19 20 21 22 23 24 25 26 27 28 29 30 
31 -32 -31 -30 -29 -28 -27 -26 -25 -24 -23 -22 -21 -20 -19 -18 -17 -16 -15 
-14 -13 -12 -11 -10 -9 -8 -7 -6 -5 -4 -3 -2 -1 0 1 2 3 4 5 6 7 8 9 10 11 12 
13 14 15 16 17 18 19 20 21 22 23 24 25 26 27 28 29 30 31 -32 -31 -30 -29 -28 
-27 -26 -25 -24 -23 -22 -21 -20 -19 -18 -17 -16 -15 -14 -13 -12 -11 -10 -9 -8 
-7 -6 -5 -4 -3 -2 -1 0 1 2 3 4 5 6 7 8 9 10 11 12 13 14 15 16 17 18 19 20 21 
22 23 24 25 26 27 28 29 30 31 -32 -31 -30 -29 -28 -27 -26 -25 -24 -23 -22 -21 
-20 -19 -18 -17 -16 -15 -14 -13 -12 -11 -10 -9 -8 -7 -6 -5 -4 -3 -2 -1 0 1 2 
3 4 5 6 7 8 9 10 11 12 13 14 15 16 17 18 19 20 21 22 23 24 25 26 27 28 29 30 
31 -32 -31 -30 -29 -28 -27 -26 -25 -24 -23 -22 -21 -20 -19 -18 -17 -16 -15 
-14 -13 -12 -11 -10 -9 -8 -7 -6 -5 -4 -3 -2 -1 0 1 2 3 4 5 6 7 8 9 10 11 12 
13 14 15 16 17 18 19 20 21 22 23 24 25 26 27 28 29 30 31 -32 -31 -30 -29 -28 
-27 -26 -25 -24 -23 -22 -21 -20 -19 -18 -17 -16 -15 -14 -13 -12 -11 -10 -9 -8 
-7 -6 -5 -4 -3 -2 -1 0 1 2 3 4 5 6 7 8 9 10 11 12 13 14 15 16 17 18 19 20 21 
22 23 24 25 26 27 28 29 30 31 -32 -31 -30 -29 -28 -27 -26 -25 -24 -23 -22 -21 
-20 -19 -18 -17 -16 -15 -14 -13 -12 -11 -10 -9 -8 -7 -6 -5 -4 -3 -2 -1 0 1 2 
3 4 5 6 7 8 9 10 11 12 13 14 15 16 17 18 19 20 21 22 23 24 25 26 27 28 29 30 
31 -32 -31 -30 -29 -28 -27 -26 -25 -24 -23 -22 -21 -20 -19 -18 -17 -16 -15 
-14 -13 -12 -11 -10 -9 -8 -7 -6 -5 -4 -3 -2 -1 0 1 2 3 4 5 6 7 8 9 10 11 12 
13 14 15 16 17 18 19 20 21 22 23 24 25 26 27 28 29 30 31 -32 -31 -30 -29 -28 
-27 -26 -25 -24 -23 -22 -21 -20 -19 -18 -17 -16 -15 -14 -13 -12 -11 -10 -9 -8 
-7 -6 -5 -4 -3 -2 -1 0 1 2 3 4 5 6 7 8 9 10 11 12 13 14 15 16 17 18 19 20 21 
22 23 24 25 26 27 28 29 30 31 -32 -31 -30 -29 -28 -27 -26 -25 -24 -23 -22 -21 
-20 -19 -18 -17 -16 -15 -14 -13 -12 -11 -10 -9 -8 -7 -6 -5 -4 -3 -2 -1 0 1 2 
3 4 5 6 7 8 9 10 11 12 13 14 15 16 17 18 19 20 21 22 23 24 25 26 27 28 29 30 
31 -32 -31 -30 -29 -28 -27 -26 -25 -24 -23 -22 -21 -20 -19 -18 -17 -16 -15 
-14 -13 -12 -11 -10 -9 -8 -7 -6 -5 -4 -3 -2 -1 0 1 2 3 4 5 6 7 8 9 10 11 12 
13 14 15 16 17 18 19 20 21 22 23 24 25 26 27 28 29 30 31 -32 -31 -30 -29 -28 
-27 -26 -25 -24 -23 -22 -21 -20 -19 -18 -17 -16 -15 -14 -13 -12 -11 -10 -9 -8 
-7 -6 -5 -4 -3 -2 -1 0 1 2 3 4 5 6 7 8 9 10 11 12 13 14 15 16 17 18 19 20 21 
22 23 24 25 26 27 28 29 30 31 -32 -31 -30 -29 -28 -27 -26 -25 -24 -23 -22 -21 
-20 -19 -18 -17 -16 -15 -14 -13 -12 -11 -10 -9 -8 -7 -6 -5 -4 -3 -2 -1 0 1 2 
3 4 5 6 7 8 9 10 11 12 13 14 15 16 17 18 19 20 21 22 23 24 25 26 27 28 29 30 
31 -32 -31 -30 -29 -28 -27 -26 -25 -24 -23 -22 -21 -20 -19 -18 -17 -16 -15 
-14 -13 -12 -11 -10 -9 -8 -7 -6 -5 -4 -3 -2 -1 0 1 2 3 4 5 6 7 8 9 10 11 12 
13 14 15 16 17 18 19 20 21 22 23 24 25 26 27 28 29 30 31 -32 -31 -30 -29 -28 
-27 -26 -25 -24 -23 -22 -21 -20 -19 -18 -17 -16 -15 -14 -13 -12 -11 -10 -9 -8 
-7 -6 -5 -4 -3 -2 -1 0 1 2 3 4 5 6 7 8 9 10 11 12 13 14 15 16 17 18 19 20 21 
22 23 24 25 26 27 28 29 30 31 -32 -31 -30 -29 -28 -27 -26 -25 -24 -23 -22 -21 
-20 -19 -18 -17 -16 -15 -14 -13 -12 -11 -10 -9 -8 -7 -6 -5 -4 -3 -2 -1 0 1 2 
3 4 5 6 7 8 9 10 11 12 13 14 15 16 17 18 19 20 21 22 23 24 25 26 27 28 29 30 
31 -32 -31 -30 -29 -28 -27 -26 -25 -24 -23 -22 -21 -20 -19 -18 -17 -16 -15 
-14 -13 -12 -11 -10 -9 -8 -7 -6 -5 -4 -3 -2 -1 0 1 2 3 4 5 6 7 8 9 10 11 12 
13 14 15 16 17 18 19 20 21 22 23 24 25 26 27 28 29 30 31 -32 -31 -30 -29 -28 
-27 -26 -25 -24 -23 -22 -21 -20 -19 -18 -17 -16 -15 -14 -13 -12 -11 -10 -9 -8 
-7 -6 -5 -4 -3 -2 -1 0 1 2 3 4 5 6 7 8 9 10 11 12 13 14 15 16 17 18 19 20 21 
22 23 24 25 26 27 28 29 30 31 -32 -31 -30 -29 -28 -27 -26 -25 -24 -23 -22 -21 
-20 -19 -18 -17 -16 -15 -14 -13 -12 -11 -10 -9 -8 -7 -6 -5 -4 -3 -2 -1 0 1 2 
3 4 5 6 7 8 9 10 11 12 13 14 15 16 17 18 19 20 21 22 23 24 25 26 27 28 29 30 
31 -32 -31 -30 -29 -28 -27 -26 -25 -24 -23 -22 -21 -20 -19 -18 -17 -16 -15 
-14 -13 -12 -11 -10 -9 -8 -7 -6 -5 -4 -3 -2 -1 0 1 2 3 4 5 6 7 8 9 10 11 12 
13 14 15 16 17 18 19 20 21 22 23 24 25 26 27 28 29 30 31 -32 -31 -30 -29 -28 
-27 -26 -25 -24 -23 -22 -21 -20 -19 -18 -17 -16 -15 -14 -13 -12 -11 -10 -9 -8 
-7 -6 -5 -4 -3 -2 -1 0 1 2 3 4 5 6 7 8 9 10 11 12 13 14 15 16 17 18 19 20 21 
22 23 24 25 26 27 28 29 30 31 -32 -31 -30 -29 -28 -27 -26 -25 -24 -23 -22 -21 
-20 -19 -18 -17 -16 -15 -14 -13 -12 -11 -10 -9 -8 -7 -6 -5 -4 -3 -2 -1 0 1 2 
3 4 5 6 7 8 9 10 11 12 13 14 15 16 17 18 19 20 21 22 23 24 25 26 27 28 29 30 
31 -32 -31 -30 -29 -28 -27 -26 -25 -24 -23 -22 -21 -20 -19 -18 -17 -16 -15 
-14 -13 -12 -11 -10 -9 -8 -7 -6 -5 -4 -3 -2 -1 0 1 2 3 4 5 6 7 8 9 10 11 12 
13 14 15 16 17 18 19 20 21 22 23 24 25 26 27 28 29 30 31 -32 -31 -30 -29 -28 
-27 -26 -25 -24 -23 -22 -21 -20 -19 -18 -17 -16 -15 -14 -13 -12 -11 -10 -9 -8 
-7 -6 -5 -4 -3 -2 -1 0 1 2 3 4 5 6 7 8 9 10 11 12 13 14 15 16 17 18 19 20 21 
22 23 24 25 26 27 28 29 30 31 -32 -31 -30 -29 -28 -27 -26 -25 -24 -23 -22 -21 
-20 -19 -18 -17 -16 -15 -14 -13 -12 -11 -10 -9 -8 -7 -6 -5 -4 -3 -2 -1 0 1 2 
3 4 5 6 7 8 9 10 11 12 13 14 15 16 17 18 19 20 21 22 23 24 25 26 27 28 29 30 
31 -32 -31 -30 -29 -28 -27 -26 -25 -24 -23 -22 -21 -20 -19 -18 -17 -16 -15 
-14 -13 -12 -11 -10 -9 -8 -7 -6 -5 -4 -3 -2 -1 0 1 2 3 4 5 6 7 8 9 10 11 12 
13 14 15 16 17 18 19 20 21 22 23 24 25 26 27 28 29 30 31 -32 -31 -30 -29 -28 
-27 -26 -25 -24 -23 -22 -21 -20 -19 -18 -17 -16 -15 -14 -13 -12 -11 -10 -9 -8 
-7 -6 -5 -4 -3 -2 -1 0 1 2 3 4 5 6 7 8 9 10 11 12 13 14 15 16 17 18 19 20 21 
22 23 24 25 26 27 28 29 30 31 -32 -31 -30 -29 -28 -27 -26 -25 -24 -23 -22 -21 
-20 -19 -18 -17 -16 -15 -14 -13 -12 -11 -10 -9 -8 -7 -6 -5 -4 -3 -2 -1 0 1 2 
3 4 5 6 7 8 9 10 11 12 13 14 15 16 17 18 19 20 21 22 23 24 25 26 27 28 29 30 
31 -32 -31 -30 -29 -28 -27 -26 -25 -24 -23 -22 -21 -20 -19 -18 -17 -16 -15 
-14 -13 -12 -11 -10 -9 -8 -7 -6 -5 -4 -3 -2 -1 0 1 2 3 4 5 6 7 8 9 10 11 12 
13 14 15 16 17 18 19 20 21 22 23 24 25 26 27 28 29 30 31 -32 -31 -30 -29 -28 
-27 -26 -25 -24 -23 -22 -21 -20 -19 -18 -17 -16 -15 -14 -13 -12 -11 -10 -9 -8 
-7 -6 -5 -4 -3 -2 -1 0 1 2 3 4 5 6 7 8 9 10 11 12 13 14 15 16 17 18 19 20 21 
22 23 24 25 26 27 28 29 30 31 -32 -31 -30 -29 -28 -27 -26 -25 -24 -23 -22 -21 
-20 -19 -18 -17 -16 -15 -14 -13 -12 -11 -10 -9 -8 -7 -6 -5 -4 -3 -2 -1 0 1 2 
3 4 5 6 7 8 9 10 11 12 13 14 15 16 17 18 19 20 21 22 23 24 25 26 27 28 29 30 
31 -32 -31 -30 -29 -28 -27 -26 -25 -24 -23 -22 -21 -20 -19 -18 -17 -16 -15 
-14 -13 -12 -11 -10 -9 -8 -7 -6 -5 -4 -3 -2 -1 0 1 2 3 4 5 6 7 8 9 10 11 12 
13 14 15 16 17 18 19 20 21 22 23 24 25 26 27 28 29 30 31 -32 -31 -30 -29 -28 
-27 -26 -25 -24 -23 -22 -21 -20 -19 -18 -17 -16 -15 -14 -13 -12 -11 -10 -9 -8 
-7 -6 -5 -4 -3 -2 -1 0 1 2 3 4 5 6 7 8 9 10 11 12 13 14 15 16 17 18 19 20 21 
22 23 24 25 26 27 28 29 30 31 -32 -31 -30 -29 -28 -27 -26 -25 -24 -23 -22 -21 
-20 -19 -18 -17 -16 -15 -14 -13 -12 -11 -10 -9 -8 -7 -6 -5 -4 -3 -2 -1 0 1 2 
3 4 5 6 7 8 9 10 11 12 13 14 15 16 17 18 19 20 21 22 23 24 25 26 27 28 29 30 
31 -32 -31 -30 -29 -28 -27 -26 -25 -24 -23 -22 -21 -20 -19 -18 -17 -16 -15 
-14 -13 -12 -11 -10 -9 -8 -7 -6 -5 -4 -3 -2 -1 0 1 2 3 4 5 6 7 8 9 10 11 12 
13 14 15 16 17 18 19 20 21 22 23 24 25 26 27 28 29 30 31 -32 -31 -30 -29 -28 
-27 -26 -25 -24 -23 -22 -21 -20 -19 -18 -17 -16 -15 -14 -13 -12 -11 -10 -9 -8 
-7 -6 -5 -4 -3 -2 -1 0 1 2 3 4 5 6 7 8 9 10 11 12 13 14 15 16 17 18 19 20 21 
22 23 24 25 26 27 28 29 30 31 -32 -31 -30 -29 -28 -27 -26 -25 -24 -23 -22 -21 
-20 -19 -18 -17 -16 -15 -14 -13 -12 -11 -10 -9 -8 -7 -6 -5 -4 -3 -2 -1 0 1 2 
3 4 5 6 7 8 9 10 11 12 13 14 15 16 17 18 19 20 21 22 23 24 25 26 27 28 29 30 
31 -32 -31 -30 -29 -28 -27 -26 -25 -24 -23 -22 -21 -20 -19 -18 -17 -16 -15 
-14 -13 -12 -11 -10 -9 -8 -7 -6 -5 -4 -3 -2 -1 0 1 2 3 4 5 6 7 8 9 10 11 12 
13 14 15 16 17 18 19 20 21 22 23 24 25 26 27 28 29 30 31 -32 -31 -30 -29 -28 
-27 -26 -25 -24 -23 -22 -21 -20 -19 -18 -17 -16 -15 -14 -13 -12 -11 -10 -9 -8 
-7 -6 -5 -4 -3 -2 -1 0 1 2 3 4 5 6 7 8 9 10 11 12 13 14 15 16 17 18 19 20 21 
22 23 24 25 26 27 28 29 30 31 -32 -31 -30 -29 -28 -27 -26 -25 -24 -23 -22 -21 
-20 -19 -18 -17 -16 -15 -14 -13 -12 -11 -10 -9 -8 -7 -6 -5 -4 -3 -2 -1 0 1 2 
3 4 5 6 7 8 9 10 11 12 13 14 15 16 17 18 19 20 21 22 23 24 25 26 27 28 29 30 
31 -32 -31 -30 -29 -28 -27 -26 -25 -24 -23 -22 -21 -20 -19 -18 -17 -16 -15 
-14 -13 -12 -11 -10 -9 -8 -7 -6 -5 -4 -3 -2 -1 0 1 2 3 4 5 6 7 8 9 10 11 12 
13 14 15 16 17 18 19 20 21 22 23 24 25 26 27 28 29 30 31 -32 -31 -30 -29 -28 
-27 -26 -25 -24 -23 -22 -21 -20 -19 -18 -17 -16 -15 -14 -13 -12 -11 -10 -9 -8 
-7 -6 -5 -4 -3 -2 -1 0 1 2 3 4 5 6 7 8 9 10 11 12 13 14 15 16 17 18 19 20 21 
22 23 24 25 26 27 28 29 30 31 -32 -31 -30 -29 -28 -27 -26 -25 -24 -23 -22 -21 
-20 -19 -18 -17 -16 -15 -14 -13 -12 -11 -10 -9 -8 -7 -6 -5 -4 -3 -2 -1 0 1 2 
3 4 5 6 7 8 9 10 11 12 13 14 15 16 17 18 19 20 21 22 23 24 25 26 27 28 29 30 
31 -32 -31 -30 -29 -28 -27 -26 -25 -24 -23 -22 -21 -20 -19 -18 -17 -16 -15 
-14 -13 -12 -11 -10 -9 -8 -7 -6 -5 -4 -3 -2 -1 0 1 2 3 4 5 6 7 8 9 10 11 12 
13 14 15 16 17 18 19 20 21 22 23 24 25 26 27 28 29 30 31 -32 -31 -30 -29 -28 
-27 -26 -25 -24 -23 -22 -21 -20 -19 -18 -17 -16 -15 -14 -13 -12 -11 -10 -9 -8 
-7 -6 -5 -4 -3 -2 -1 0 1 2 3 4 5 6 7 8 9 10 11 12 13 14 15 16 17 18 19 20 21 
22 23 24 25 26 27 28 29 30 31 -32 -31 -30 -29 -28 -27 -26 -25 -24 -23 -22 -21 
-20 -19 -18 -17 -16 -15 -14 -13 -12 -11 -10 -9 -8 -7 -6 -5 -4 -3 -2 -1 0 1 2 
3 4 5 6 7 8 9 10 11 12 13 14 15 16 17 18 19 20 21 22 23 24 25 26 27 28 29 30 
31 -32 -31 -30 -29 -28 -27 -26 -25 -24 -23 -22 -21 -20 -19 -18 -17 -16 -15 
-14 -13 -12 -11 -10 -9 -8 -7 -6 -5 -4 -3 -2 -1 0 1 2 3 4 5 6 7 8 9 10 11 12 
13 14 15 16 17 18 19 20 21 22 23 24 25 26 27 28 29 30 31 -32 -31 -30 -29 -28 
-27 -26 -25 -24 -23 -22 -21 -20 -19 -18 -17 -16 -15 -14 -13 -12 -11 -10 -9 -8 
-7 -6 -5 -4 -3 -2 -1 0 1 2 3 4 5 6 7 8 9 10 11 12 13 14 15 16 17 18 19 20 21 
22 23 24 25 26 27 28 29 30 31 -32 -31 -30 -29 -28 -27 -26 -25 -24 -23 -22 -21 
-20 -19 -18 -17 -16 -15 -14 -13 -12 -11 -10 -9 -8 -7 -6 -5 -4 -3 -2 -1 0 1 2 
3 4 5 6 7 8 9 10 11 12 13 14 15 16 17 18 19 20 21 22 23 24 25 26 27 28 29 30 
31 -32 -31 -30 -29 -28 -27 -26 -25 -24 -23 -22 -21 -20 -19 -18 -17 -16 -15 
-14 -13 -12 -11 -10 -9 -8 -7 -6 -5 -4 -3 -2 -1 0 1 2 3 4 5 6 7 8 9 10 11 12 
13 14 15 16 17 18 19 20 21 22 23 24 25 26 27 28 29 30 31
##$PVM_EncGenSteps2=( 4096 )
@64*(-32) @64*(-31) @64*(-30) @64*(-29) @64*(-28) @64*(-27) @64*(-26) 
@64*(-25) @64*(-24) @64*(-23) @64*(-22) @64*(-21) @64*(-20) @64*(-19) 
@64*(-18) @64*(-17) @64*(-16) @64*(-15) @64*(-14) @64*(-13) @64*(-12) 
@64*(-11) @64*(-10) @64*(-9) @64*(-8) @64*(-7) @64*(-6) @64*(-5) @64*(-4) 
@64*(-3) @64*(-2) @64*(-1) @64*(0) @64*(1) @64*(2) @64*(3) @64*(4) @64*(5) 
@64*(6) @64*(7) @64*(8) @64*(9) @64*(10) @64*(11) @64*(12) @64*(13) @64*(14) 
@64*(15) @64*(16) @64*(17) @64*(18) @64*(19) @64*(20) @64*(21) @64*(22) 
@64*(23) @64*(24) @64*(25) @64*(26) @64*(27) @64*(28) @64*(29) @64*(30) 
@64*(31)
##$PVM_EncGenValues1=( 4096 )
-1 -0.96875 -0.9375 -0.90625 -0.875 -0.84375 -0.8125 -0.78125 -0.75 -0.71875 
-0.6875 -0.65625 -0.625 -0.59375 -0.5625 -0.53125 -0.5 -0.46875 -0.4375 
-0.40625 -0.375 -0.34375 -0.3125 -0.28125 -0.25 -0.21875 -0.1875 -0.15625 
-0.125 -0.09375 -0.0625 -0.03125 0 0.03125 0.0625 0.09375 0.125 0.15625 
0.1875 0.21875 0.25 0.28125 0.3125 0.34375 0.375 0.40625 0.4375 0.46875 0.5 
0.53125 0.5625 0.59375 0.625 0.65625 0.6875 0.71875 0.75 0.78125 0.8125 
0.84375 0.875 0.90625 0.9375 0.96875 -1 -0.96875 -0.9375 -0.90625 -0.875 
-0.84375 -0.8125 -0.78125 -0.75 -0.71875 -0.6875 -0.65625 -0.625 -0.59375 
-0.5625 -0.53125 -0.5 -0.46875 -0.4375 -0.40625 -0.375 -0.34375 -0.3125 
-0.28125 -0.25 -0.21875 -0.1875 -0.15625 -0.125 -0.09375 -0.0625 -0.03125 0 
0.03125 0.0625 0.09375 0.125 0.15625 0.1875 0.21875 0.25 0.28125 0.3125 
0.34375 0.375 0.40625 0.4375 0.46875 0.5 0.53125 0.5625 0.59375 0.625 0.65625 
0.6875 0.71875 0.75 0.78125 0.8125 0.84375 0.875 0.90625 0.9375 0.96875 -1 
-0.96875 -0.9375 -0.90625 -0.875 -0.84375 -0.8125 -0.78125 -0.75 -0.71875 
-0.6875 -0.65625 -0.625 -0.59375 -0.5625 -0.53125 -0.5 -0.46875 -0.4375 
-0.40625 -0.375 -0.34375 -0.3125 -0.28125 -0.25 -0.21875 -0.1875 -0.15625 
-0.125 -0.09375 -0.0625 -0.03125 0 0.03125 0.0625 0.09375 0.125 0.15625 
0.1875 0.21875 0.25 0.28125 0.3125 0.34375 0.375 0.40625 0.4375 0.46875 0.5 
0.53125 0.5625 0.59375 0.625 0.65625 0.6875 0.71875 0.75 0.78125 0.8125 
0.84375 0.875 0.90625 0.9375 0.96875 -1 -0.96875 -0.9375 -0.90625 -0.875 
-0.84375 -0.8125 -0.78125 -0.75 -0.71875 -0.6875 -0.65625 -0.625 -0.59375 
-0.5625 -0.53125 -0.5 -0.46875 -0.4375 -0.40625 -0.375 -0.34375 -0.3125 
-0.28125 -0.25 -0.21875 -0.1875 -0.15625 -0.125 -0.09375 -0.0625 -0.03125 0 
0.03125 0.0625 0.09375 0.125 0.15625 0.1875 0.21875 0.25 0.28125 0.3125 
0.34375 0.375 0.40625 0.4375 0.46875 0.5 0.53125 0.5625 0.59375 0.625 0.65625 
0.6875 0.71875 0.75 0.78125 0.8125 0.84375 0.875 0.90625 0.9375 0.96875 -1 
-0.96875 -0.9375 -0.90625 -0.875 -0.84375 -0.8125 -0.78125 -0.75 -0.71875 
-0.6875 -0.65625 -0.625 -0.59375 -0.5625 -0.53125 -0.5 -0.46875 -0.4375 
-0.40625 -0.375 -0.34375 -0.3125 -0.28125 -0.25 -0.21875 -0.1875 -0.15625 
-0.125 -0.09375 -0.0625 -0.03125 0 0.03125 0.0625 0.09375 0.125 0.15625 
0.1875 0.21875 0.25 0.28125 0.3125 0.34375 0.375 0.40625 0.4375 0.46875 0.5 
0.53125 0.5625 0.59375 0.625 0.65625 0.6875 0.71875 0.75 0.78125 0.8125 
0.84375 0.875 0.90625 0.9375 0.96875 -1 -0.96875 -0.9375 -0.90625 -0.875 
-0.84375 -0.8125 -0.78125 -0.75 -0.71875 -0.6875 -0.65625 -0.625 -0.59375 
-0.5625 -0.53125 -0.5 -0.46875 -0.4375 -0.40625 -0.375 -0.34375 -0.3125 
-0.28125 -0.25 -0.21875 -0.1875 -0.15625 -0.125 -0.09375 -0.0625 -0.03125 0 
0.03125 0.0625 0.09375 0.125 0.15625 0.1875 0.21875 0.25 0.28125 0.3125 
0.34375 0.375 0.40625 0.4375 0.46875 0.5 0.53125 0.5625 0.59375 0.625 0.65625 
0.6875 0.71875 0.75 0.78125 0.8125 0.84375 0.875 0.90625 0.9375 0.96875 -1 
-0.96875 -0.9375 -0.90625 -0.875 -0.84375 -0.8125 -0.78125 -0.75 -0.71875 
-0.6875 -0.65625 -0.625 -0.59375 -0.5625 -0.53125 -0.5 -0.46875 -0.4375 
-0.40625 -0.375 -0.34375 -0.3125 -0.28125 -0.25 -0.21875 -0.1875 -0.15625 
-0.125 -0.09375 -0.0625 -0.03125 0 0.03125 0.0625 0.09375 0.125 0.15625 
0.1875 0.21875 0.25 0.28125 0.3125 0.34375 0.375 0.40625 0.4375 0.46875 0.5 
0.53125 0.5625 0.59375 0.625 0.65625 0.6875 0.71875 0.75 0.78125 0.8125 
0.84375 0.875 0.90625 0.9375 0.96875 -1 -0.96875 -0.9375 -0.90625 -0.875 
-0.84375 -0.8125 -0.78125 -0.75 -0.71875 -0.6875 -0.65625 -0.625 -0.59375 
-0.5625 -0.53125 -0.5 -0.46875 -0.4375 -0.40625 -0.375 -0.34375 -0.3125 
-0.28125 -0.25 -0.21875 -0.1875 -0.15625 -0.125 -0.09375 -0.0625 -0.03125 0 
0.03125 0.0625 0.09375 0.125 0.15625 0.1875 0.21875 0.25 0.28125 0.3125 
0.34375 0.375 0.40625 0.4375 0.46875 0.5 0.53125 0.5625 0.59375 0.625 0.65625 
0.6875 0.71875 0.75 0.78125 0.8125 0.84375 0.875 0.90625 0.9375 0.96875 -1 
-0.96875 -0.9375 -0.90625 -0.875 -0.84375 -0.8125 -0.78125 -0.75 -0.71875 
-0.6875 -0.65625 -0.625 -0.59375 -0.5625 -0.53125 -0.5 -0.46875 -0.4375 
-0.40625 -0.375 -0.34375 -0.3125 -0.28125 -0.25 -0.21875 -0.1875 -0.15625 
-0.125 -0.09375 -0.0625 -0.03125 0 0.03125 0.0625 0.09375 0.125 0.15625 
0.1875 0.21875 0.25 0.28125 0.3125 0.34375 0.375 0.40625 0.4375 0.46875 0.5 
0.53125 0.5625 0.59375 0.625 0.65625 0.6875 0.71875 0.75 0.78125 0.8125 
0.84375 0.875 0.90625 0.9375 0.96875 -1 -0.96875 -0.9375 -0.90625 -0.875 
-0.84375 -0.8125 -0.78125 -0.75 -0.71875 -0.6875 -0.65625 -0.625 -0.59375 
-0.5625 -0.53125 -0.5 -0.46875 -0.4375 -0.40625 -0.375 -0.34375 -0.3125 
-0.28125 -0.25 -0.21875 -0.1875 -0.15625 -0.125 -0.09375 -0.0625 -0.03125 0 
0.03125 0.0625 0.09375 0.125 0.15625 0.1875 0.21875 0.25 0.28125 0.3125 
0.34375 0.375 0.40625 0.4375 0.46875 0.5 0.53125 0.5625 0.59375 0.625 0.65625 
0.6875 0.71875 0.75 0.78125 0.8125 0.84375 0.875 0.90625 0.9375 0.96875 -1 
-0.96875 -0.9375 -0.90625 -0.875 -0.84375 -0.8125 -0.78125 -0.75 -0.71875 
-0.6875 -0.65625 -0.625 -0.59375 -0.5625 -0.53125 -0.5 -0.46875 -0.4375 
-0.40625 -0.375 -0.34375 -0.3125 -0.28125 -0.25 -0.21875 -0.1875 -0.15625 
-0.125 -0.09375 -0.0625 -0.03125 0 0.03125 0.0625 0.09375 0.125 0.15625 
0.1875 0.21875 0.25 0.28125 0.3125 0.34375 0.375 0.40625 0.4375 0.46875 0.5 
0.53125 0.5625 0.59375 0.625 0.65625 0.6875 0.71875 0.75 0.78125 0.8125 
0.84375 0.875 0.90625 0.9375 0.96875 -1 -0.96875 -0.9375 -0.90625 -0.875 
-0.84375 -0.8125 -0.78125 -0.75 -0.71875 -0.6875 -0.65625 -0.625 -0.59375 
-0.5625 -0.53125 -0.5 -0.46875 -0.4375 -0.40625 -0.375 -0.34375 -0.3125 
-0.28125 -0.25 -0.21875 -0.1875 -0.15625 -0.125 -0.09375 -0.0625 -0.03125 0 
0.03125 0.0625 0.09375 0.125 0.15625 0.1875 0.21875 0.25 0.28125 0.3125 
0.34375 0.375 0.40625 0.4375 0.46875 0.5 0.53125 0.5625 0.59375 0.625 0.65625 
0.6875 0.71875 0.75 0.78125 0.8125 0.84375 0.875 0.90625 0.9375 0.96875 -1 
-0.96875 -0.9375 -0.90625 -0.875 -0.84375 -0.8125 -0.78125 -0.75 -0.71875 
-0.6875 -0.65625 -0.625 -0.59375 -0.5625 -0.53125 -0.5 -0.46875 -0.4375 
-0.40625 -0.375 -0.34375 -0.3125 -0.28125 -0.25 -0.21875 -0.1875 -0.15625 
-0.125 -0.09375 -0.0625 -0.03125 0 0.03125 0.0625 0.09375 0.125 0.15625 
0.1875 0.21875 0.25 0.28125 0.3125 0.34375 0.375 0.40625 0.4375 0.46875 0.5 
0.53125 0.5625 0.59375 0.625 0.65625 0.6875 0.71875 0.75 0.78125 0.8125 
0.84375 0.875 0.90625 0.9375 0.96875 -1 -0.96875 -0.9375 -0.90625 -0.875 
-0.84375 -0.8125 -0.78125 -0.75 -0.71875 -0.6875 -0.65625 -0.625 -0.59375 
-0.5625 -0.53125 -0.5 -0.46875 -0.4375 -0.40625 -0.375 -0.34375 -0.3125 
-0.28125 -0.25 -0.21875 -0.1875 -0.15625 -0.125 -0.09375 -0.0625 -0.03125 0 
0.03125 0.0625 0.09375 0.125 0.15625 0.1875 0.21875 0.25 0.28125 0.3125 
0.34375 0.375 0.40625 0.4375 0.46875 0.5 0.53125 0.5625 0.59375 0.625 0.65625 
0.6875 0.71875 0.75 0.78125 0.8125 0.84375 0.875 0.90625 0.9375 0.96875 -1 
-0.96875 -0.9375 -0.90625 -0.875 -0.84375 -0.8125 -0.78125 -0.75 -0.71875 
-0.6875 -0.65625 -0.625 -0.59375 -0.5625 -0.53125 -0.5 -0.46875 -0.4375 
-0.40625 -0.375 -0.34375 -0.3125 -0.28125 -0.25 -0.21875 -0.1875 -0.15625 
-0.125 -0.09375 -0.0625 -0.03125 0 0.03125 0.0625 0.09375 0.125 0.15625 
0.1875 0.21875 0.25 0.28125 0.3125 0.34375 0.375 0.40625 0.4375 0.46875 0.5 
0.53125 0.5625 0.59375 0.625 0.65625 0.6875 0.71875 0.75 0.78125 0.8125 
0.84375 0.875 0.90625 0.9375 0.96875 -1 -0.96875 -0.9375 -0.90625 -0.875 
-0.84375 -0.8125 -0.78125 -0.75 -0.71875 -0.6875 -0.65625 -0.625 -0.59375 
-0.5625 -0.53125 -0.5 -0.46875 -0.4375 -0.40625 -0.375 -0.34375 -0.3125 
-0.28125 -0.25 -0.21875 -0.1875 -0.15625 -0.125 -0.09375 -0.0625 -0.03125 0 
0.03125 0.0625 0.09375 0.125 0.15625 0.1875 0.21875 0.25 0.28125 0.3125 
0.34375 0.375 0.40625 0.4375 0.46875 0.5 0.53125 0.5625 0.59375 0.625 0.65625 
0.6875 0.71875 0.75 0.78125 0.8125 0.84375 0.875 0.90625 0.9375 0.96875 -1 
-0.96875 -0.9375 -0.90625 -0.875 -0.84375 -0.8125 -0.78125 -0.75 -0.71875 
-0.6875 -0.65625 -0.625 -0.59375 -0.5625 -0.53125 -0.5 -0.46875 -0.4375 
-0.40625 -0.375 -0.34375 -0.3125 -0.28125 -0.25 -0.21875 -0.1875 -0.15625 
-0.125 -0.09375 -0.0625 -0.03125 0 0.03125 0.0625 0.09375 0.125 0.15625 
0.1875 0.21875 0.25 0.28125 0.3125 0.34375 0.375 0.40625 0.4375 0.46875 0.5 
0.53125 0.5625 0.59375 0.625 0.65625 0.6875 0.71875 0.75 0.78125 0.8125 
0.84375 0.875 0.90625 0.9375 0.96875 -1 -0.96875 -0.9375 -0.90625 -0.875 
-0.84375 -0.8125 -0.78125 -0.75 -0.71875 -0.6875 -0.65625 -0.625 -0.59375 
-0.5625 -0.53125 -0.5 -0.46875 -0.4375 -0.40625 -0.375 -0.34375 -0.3125 
-0.28125 -0.25 -0.21875 -0.1875 -0.15625 -0.125 -0.09375 -0.0625 -0.03125 0 
0.03125 0.0625 0.09375 0.125 0.15625 0.1875 0.21875 0.25 0.28125 0.3125 
0.34375 0.375 0.40625 0.4375 0.46875 0.5 0.53125 0.5625 0.59375 0.625 0.65625 
0.6875 0.71875 0.75 0.78125 0.8125 0.84375 0.875 0.90625 0.9375 0.96875 -1 
-0.96875 -0.9375 -0.90625 -0.875 -0.84375 -0.8125 -0.78125 -0.75 -0.71875 
-0.6875 -0.65625 -0.625 -0.59375 -0.5625 -0.53125 -0.5 -0.46875 -0.4375 
-0.40625 -0.375 -0.34375 -0.3125 -0.28125 -0.25 -0.21875 -0.1875 -0.15625 
-0.125 -0.09375 -0.0625 -0.03125 0 0.03125 0.0625 0.09375 0.125 0.15625 
0.1875 0.21875 0.25 0.28125 0.3125 0.34375 0.375 0.40625 0.4375 0.46875 0.5 
0.53125 0.5625 0.59375 0.625 0.65625 0.6875 0.71875 0.75 0.78125 0.8125 
0.84375 0.875 0.90625 0.9375 0.96875 -1 -0.96875 -0.9375 -0.90625 -0.875 
-0.84375 -0.8125 -0.78125 -0.75 -0.71875 -0.6875 -0.65625 -0.625 -0.59375 
-0.5625 -0.53125 -0.5 -0.46875 -0.4375 -0.40625 -0.375 -0.34375 -0.3125 
-0.28125 -0.25 -0.21875 -0.1875 -0.15625 -0.125 -0.09375 -0.0625 -0.03125 0 
0.03125 0.0625 0.09375 0.125 0.15625 0.1875 0.21875 0.25 0.28125 0.3125 
0.34375 0.375 0.40625 0.4375 0.46875 0.5 0.53125 0.5625 0.59375 0.625 0.65625 
0.6875 0.71875 0.75 0.78125 0.8125 0.84375 0.875 0.90625 0.9375 0.96875 -1 
-0.96875 -0.9375 -0.90625 -0.875 -0.84375 -0.8125 -0.78125 -0.75 -0.71875 
-0.6875 -0.65625 -0.625 -0.59375 -0.5625 -0.53125 -0.5 -0.46875 -0.4375 
-0.40625 -0.375 -0.34375 -0.3125 -0.28125 -0.25 -0.21875 -0.1875 -0.15625 
-0.125 -0.09375 -0.0625 -0.03125 0 0.03125 0.0625 0.09375 0.125 0.15625 
0.1875 0.21875 0.25 0.28125 0.3125 0.34375 0.375 0.40625 0.4375 0.46875 0.5 
0.53125 0.5625 0.59375 0.625 0.65625 0.6875 0.71875 0.75 0.78125 0.8125 
0.84375 0.875 0.90625 0.9375 0.96875 -1 -0.96875 -0.9375 -0.90625 -0.875 
-0.84375 -0.8125 -0.78125 -0.75 -0.71875 -0.6875 -0.65625 -0.625 -0.59375 
-0.5625 -0.53125 -0.5 -0.46875 -0.4375 -0.40625 -0.375 -0.34375 -0.3125 
-0.28125 -0.25 -0.21875 -0.1875 -0.15625 -0.125 -0.09375 -0.0625 -0.03125 0 
0.03125 0.0625 0.09375 0.125 0.15625 0.1875 0.21875 0.25 0.28125 0.3125 
0.34375 0.375 0.40625 0.4375 0.46875 0.5 0.53125 0.5625 0.59375 0.625 0.65625 
0.6875 0.71875 0.75 0.78125 0.8125 0.84375 0.875 0.90625 0.9375 0.96875 -1 
-0.96875 -0.9375 -0.90625 -0.875 -0.84375 -0.8125 -0.78125 -0.75 -0.71875 
-0.6875 -0.65625 -0.625 -0.59375 -0.5625 -0.53125 -0.5 -0.46875 -0.4375 
-0.40625 -0.375 -0.34375 -0.3125 -0.28125 -0.25 -0.21875 -0.1875 -0.15625 
-0.125 -0.09375 -0.0625 -0.03125 0 0.03125 0.0625 0.09375 0.125 0.15625 
0.1875 0.21875 0.25 0.28125 0.3125 0.34375 0.375 0.40625 0.4375 0.46875 0.5 
0.53125 0.5625 0.59375 0.625 0.65625 0.6875 0.71875 0.75 0.78125 0.8125 
0.84375 0.875 0.90625 0.9375 0.96875 -1 -0.96875 -0.9375 -0.90625 -0.875 
-0.84375 -0.8125 -0.78125 -0.75 -0.71875 -0.6875 -0.65625 -0.625 -0.59375 
-0.5625 -0.53125 -0.5 -0.46875 -0.4375 -0.40625 -0.375 -0.34375 -0.3125 
-0.28125 -0.25 -0.21875 -0.1875 -0.15625 -0.125 -0.09375 -0.0625 -0.03125 0 
0.03125 0.0625 0.09375 0.125 0.15625 0.1875 0.21875 0.25 0.28125 0.3125 
0.34375 0.375 0.40625 0.4375 0.46875 0.5 0.53125 0.5625 0.59375 0.625 0.65625 
0.6875 0.71875 0.75 0.78125 0.8125 0.84375 0.875 0.90625 0.9375 0.96875 -1 
-0.96875 -0.9375 -0.90625 -0.875 -0.84375 -0.8125 -0.78125 -0.75 -0.71875 
-0.6875 -0.65625 -0.625 -0.59375 -0.5625 -0.53125 -0.5 -0.46875 -0.4375 
-0.40625 -0.375 -0.34375 -0.3125 -0.28125 -0.25 -0.21875 -0.1875 -0.15625 
-0.125 -0.09375 -0.0625 -0.03125 0 0.03125 0.0625 0.09375 0.125 0.15625 
0.1875 0.21875 0.25 0.28125 0.3125 0.34375 0.375 0.40625 0.4375 0.46875 0.5 
0.53125 0.5625 0.59375 0.625 0.65625 0.6875 0.71875 0.75 0.78125 0.8125 
0.84375 0.875 0.90625 0.9375 0.96875 -1 -0.96875 -0.9375 -0.90625 -0.875 
-0.84375 -0.8125 -0.78125 -0.75 -0.71875 -0.6875 -0.65625 -0.625 -0.59375 
-0.5625 -0.53125 -0.5 -0.46875 -0.4375 -0.40625 -0.375 -0.34375 -0.3125 
-0.28125 -0.25 -0.21875 -0.1875 -0.15625 -0.125 -0.09375 -0.0625 -0.03125 0 
0.03125 0.0625 0.09375 0.125 0.15625 0.1875 0.21875 0.25 0.28125 0.3125 
0.34375 0.375 0.40625 0.4375 0.46875 0.5 0.53125 0.5625 0.59375 0.625 0.65625 
0.6875 0.71875 0.75 0.78125 0.8125 0.84375 0.875 0.90625 0.9375 0.96875 -1 
-0.96875 -0.9375 -0.90625 -0.875 -0.84375 -0.8125 -0.78125 -0.75 -0.71875 
-0.6875 -0.65625 -0.625 -0.59375 -0.5625 -0.53125 -0.5 -0.46875 -0.4375 
-0.40625 -0.375 -0.34375 -0.3125 -0.28125 -0.25 -0.21875 -0.1875 -0.15625 
-0.125 -0.09375 -0.0625 -0.03125 0 0.03125 0.0625 0.09375 0.125 0.15625 
0.1875 0.21875 0.25 0.28125 0.3125 0.34375 0.375 0.40625 0.4375 0.46875 0.5 
0.53125 0.5625 0.59375 0.625 0.65625 0.6875 0.71875 0.75 0.78125 0.8125 
0.84375 0.875 0.90625 0.9375 0.96875 -1 -0.96875 -0.9375 -0.90625 -0.875 
-0.84375 -0.8125 -0.78125 -0.75 -0.71875 -0.6875 -0.65625 -0.625 -0.59375 
-0.5625 -0.53125 -0.5 -0.46875 -0.4375 -0.40625 -0.375 -0.34375 -0.3125 
-0.28125 -0.25 -0.21875 -0.1875 -0.15625 -0.125 -0.09375 -0.0625 -0.03125 0 
0.03125 0.0625 0.09375 0.125 0.15625 0.1875 0.21875 0.25 0.28125 0.3125 
0.34375 0.375 0.40625 0.4375 0.46875 0.5 0.53125 0.5625 0.59375 0.625 0.65625 
0.6875 0.71875 0.75 0.78125 0.8125 0.84375 0.875 0.90625 0.9375 0.96875 -1 
-0.96875 -0.9375 -0.90625 -0.875 -0.84375 -0.8125 -0.78125 -0.75 -0.71875 
-0.6875 -0.65625 -0.625 -0.59375 -0.5625 -0.53125 -0.5 -0.46875 -0.4375 
-0.40625 -0.375 -0.34375 -0.3125 -0.28125 -0.25 -0.21875 -0.1875 -0.15625 
-0.125 -0.09375 -0.0625 -0.03125 0 0.03125 0.0625 0.09375 0.125 0.15625 
0.1875 0.21875 0.25 0.28125 0.3125 0.34375 0.375 0.40625 0.4375 0.46875 0.5 
0.53125 0.5625 0.59375 0.625 0.65625 0.6875 0.71875 0.75 0.78125 0.8125 
0.84375 0.875 0.90625 0.9375 0.96875 -1 -0.96875 -0.9375 -0.90625 -0.875 
-0.84375 -0.8125 -0.78125 -0.75 -0.71875 -0.6875 -0.65625 -0.625 -0.59375 
-0.5625 -0.53125 -0.5 -0.46875 -0.4375 -0.40625 -0.375 -0.34375 -0.3125 
-0.28125 -0.25 -0.21875 -0.1875 -0.15625 -0.125 -0.09375 -0.0625 -0.03125 0 
0.03125 0.0625 0.09375 0.125 0.15625 0.1875 0.21875 0.25 0.28125 0.3125 
0.34375 0.375 0.40625 0.4375 0.46875 0.5 0.53125 0.5625 0.59375 0.625 0.65625 
0.6875 0.71875 0.75 0.78125 0.8125 0.84375 0.875 0.90625 0.9375 0.96875 -1 
-0.96875 -0.9375 -0.90625 -0.875 -0.84375 -0.8125 -0.78125 -0.75 -0.71875 
-0.6875 -0.65625 -0.625 -0.59375 -0.5625 -0.53125 -0.5 -0.46875 -0.4375 
-0.40625 -0.375 -0.34375 -0.3125 -0.28125 -0.25 -0.21875 -0.1875 -0.15625 
-0.125 -0.09375 -0.0625 -0.03125 0 0.03125 0.0625 0.09375 0.125 0.15625 
0.1875 0.21875 0.25 0.28125 0.3125 0.34375 0.375 0.40625 0.4375 0.46875 0.5 
0.53125 0.5625 0.59375 0.625 0.65625 0.6875 0.71875 0.75 0.78125 0.8125 
0.84375 0.875 0.90625 0.9375 0.96875 -1 -0.96875 -0.9375 -0.90625 -0.875 
-0.84375 -0.8125 -0.78125 -0.75 -0.71875 -0.6875 -0.65625 -0.625 -0.59375 
-0.5625 -0.53125 -0.5 -0.46875 -0.4375 -0.40625 -0.375 -0.34375 -0.3125 
-0.28125 -0.25 -0.21875 -0.1875 -0.15625 -0.125 -0.09375 -0.0625 -0.03125 0 
0.03125 0.0625 0.09375 0.125 0.15625 0.1875 0.21875 0.25 0.28125 0.3125 
0.34375 0.375 0.40625 0.4375 0.46875 0.5 0.53125 0.5625 0.59375 0.625 0.65625 
0.6875 0.71875 0.75 0.78125 0.8125 0.84375 0.875 0.90625 0.9375 0.96875 -1 
-0.96875 -0.9375 -0.90625 -0.875 -0.84375 -0.8125 -0.78125 -0.75 -0.71875 
-0.6875 -0.65625 -0.625 -0.59375 -0.5625 -0.53125 -0.5 -0.46875 -0.4375 
-0.40625 -0.375 -0.34375 -0.3125 -0.28125 -0.25 -0.21875 -0.1875 -0.15625 
-0.125 -0.09375 -0.0625 -0.03125 0 0.03125 0.0625 0.09375 0.125 0.15625 
0.1875 0.21875 0.25 0.28125 0.3125 0.34375 0.375 0.40625 0.4375 0.46875 0.5 
0.53125 0.5625 0.59375 0.625 0.65625 0.6875 0.71875 0.75 0.78125 0.8125 
0.84375 0.875 0.90625 0.9375 0.96875 -1 -0.96875 -0.9375 -0.90625 -0.875 
-0.84375 -0.8125 -0.78125 -0.75 -0.71875 -0.6875 -0.65625 -0.625 -0.59375 
-0.5625 -0.53125 -0.5 -0.46875 -0.4375 -0.40625 -0.375 -0.34375 -0.3125 
-0.28125 -0.25 -0.21875 -0.1875 -0.15625 -0.125 -0.09375 -0.0625 -0.03125 0 
0.03125 0.0625 0.09375 0.125 0.15625 0.1875 0.21875 0.25 0.28125 0.3125 
0.34375 0.375 0.40625 0.4375 0.46875 0.5 0.53125 0.5625 0.59375 0.625 0.65625 
0.6875 0.71875 0.75 0.78125 0.8125 0.84375 0.875 0.90625 0.9375 0.96875 -1 
-0.96875 -0.9375 -0.90625 -0.875 -0.84375 -0.8125 -0.78125 -0.75 -0.71875 
-0.6875 -0.65625 -0.625 -0.59375 -0.5625 -0.53125 -0.5 -0.46875 -0.4375 
-0.40625 -0.375 -0.34375 -0.3125 -0.28125 -0.25 -0.21875 -0.1875 -0.15625 
-0.125 -0.09375 -0.0625 -0.03125 0 0.03125 0.0625 0.09375 0.125 0.15625 
0.1875 0.21875 0.25 0.28125 0.3125 0.34375 0.375 0.40625 0.4375 0.46875 0.5 
0.53125 0.5625 0.59375 0.625 0.65625 0.6875 0.71875 0.75 0.78125 0.8125 
0.84375 0.875 0.90625 0.9375 0.96875 -1 -0.96875 -0.9375 -0.90625 -0.875 
-0.84375 -0.8125 -0.78125 -0.75 -0.71875 -0.6875 -0.65625 -0.625 -0.59375 
-0.5625 -0.53125 -0.5 -0.46875 -0.4375 -0.40625 -0.375 -0.34375 -0.3125 
-0.28125 -0.25 -0.21875 -0.1875 -0.15625 -0.125 -0.09375 -0.0625 -0.03125 0 
0.03125 0.0625 0.09375 0.125 0.15625 0.1875 0.21875 0.25 0.28125 0.3125 
0.34375 0.375 0.40625 0.4375 0.46875 0.5 0.53125 0.5625 0.59375 0.625 0.65625 
0.6875 0.71875 0.75 0.78125 0.8125 0.84375 0.875 0.90625 0.9375 0.96875 -1 
-0.96875 -0.9375 -0.90625 -0.875 -0.84375 -0.8125 -0.78125 -0.75 -0.71875 
-0.6875 -0.65625 -0.625 -0.59375 -0.5625 -0.53125 -0.5 -0.46875 -0.4375 
-0.40625 -0.375 -0.34375 -0.3125 -0.28125 -0.25 -0.21875 -0.1875 -0.15625 
-0.125 -0.09375 -0.0625 -0.03125 0 0.03125 0.0625 0.09375 0.125 0.15625 
0.1875 0.21875 0.25 0.28125 0.3125 0.34375 0.375 0.40625 0.4375 0.46875 0.5 
0.53125 0.5625 0.59375 0.625 0.65625 0.6875 0.71875 0.75 0.78125 0.8125 
0.84375 0.875 0.90625 0.9375 0.96875 -1 -0.96875 -0.9375 -0.90625 -0.875 
-0.84375 -0.8125 -0.78125 -0.75 -0.71875 -0.6875 -0.65625 -0.625 -0.59375 
-0.5625 -0.53125 -0.5 -0.46875 -0.4375 -0.40625 -0.375 -0.34375 -0.3125 
-0.28125 -0.25 -0.21875 -0.1875 -0.15625 -0.125 -0.09375 -0.0625 -0.03125 0 
0.03125 0.0625 0.09375 0.125 0.15625 0.1875 0.21875 0.25 0.28125 0.3125 
0.34375 0.375 0.40625 0.4375 0.46875 0.5 0.53125 0.5625 0.59375 0.625 0.65625 
0.6875 0.71875 0.75 0.78125 0.8125 0.84375 0.875 0.90625 0.9375 0.96875 -1 
-0.96875 -0.9375 -0.90625 -0.875 -0.84375 -0.8125 -0.78125 -0.75 -0.71875 
-0.6875 -0.65625 -0.625 -0.59375 -0.5625 -0.53125 -0.5 -0.46875 -0.4375 
-0.40625 -0.375 -0.34375 -0.3125 -0.28125 -0.25 -0.21875 -0.1875 -0.15625 
-0.125 -0.09375 -0.0625 -0.03125 0 0.03125 0.0625 0.09375 0.125 0.15625 
0.1875 0.21875 0.25 0.28125 0.3125 0.34375 0.375 0.40625 0.4375 0.46875 0.5 
0.53125 0.5625 0.59375 0.625 0.65625 0.6875 0.71875 0.75 0.78125 0.8125 
0.84375 0.875 0.90625 0.9375 0.96875 -1 -0.96875 -0.9375 -0.90625 -0.875 
-0.84375 -0.8125 -0.78125 -0.75 -0.71875 -0.6875 -0.65625 -0.625 -0.59375 
-0.5625 -0.53125 -0.5 -0.46875 -0.4375 -0.40625 -0.375 -0.34375 -0.3125 
-0.28125 -0.25 -0.21875 -0.1875 -0.15625 -0.125 -0.09375 -0.0625 -0.03125 0 
0.03125 0.0625 0.09375 0.125 0.15625 0.1875 0.21875 0.25 0.28125 0.3125 
0.34375 0.375 0.40625 0.4375 0.46875 0.5 0.53125 0.5625 0.59375 0.625 0.65625 
0.6875 0.71875 0.75 0.78125 0.8125 0.84375 0.875 0.90625 0.9375 0.96875 -1 
-0.96875 -0.9375 -0.90625 -0.875 -0.84375 -0.8125 -0.78125 -0.75 -0.71875 
-0.6875 -0.65625 -0.625 -0.59375 -0.5625 -0.53125 -0.5 -0.46875 -0.4375 
-0.40625 -0.375 -0.34375 -0.3125 -0.28125 -0.25 -0.21875 -0.1875 -0.15625 
-0.125 -0.09375 -0.0625 -0.03125 0 0.03125 0.0625 0.09375 0.125 0.15625 
0.1875 0.21875 0.25 0.28125 0.3125 0.34375 0.375 0.40625 0.4375 0.46875 0.5 
0.53125 0.5625 0.59375 0.625 0.65625 0.6875 0.71875 0.75 0.78125 0.8125 
0.84375 0.875 0.90625 0.9375 0.96875 -1 -0.96875 -0.9375 -0.90625 -0.875 
-0.84375 -0.8125 -0.78125 -0.75 -0.71875 -0.6875 -0.65625 -0.625 -0.59375 
-0.5625 -0.53125 -0.5 -0.46875 -0.4375 -0.40625 -0.375 -0.34375 -0.3125 
-0.28125 -0.25 -0.21875 -0.1875 -0.15625 -0.125 -0.09375 -0.0625 -0.03125 0 
0.03125 0.0625 0.09375 0.125 0.15625 0.1875 0.21875 0.25 0.28125 0.3125 
0.34375 0.375 0.40625 0.4375 0.46875 0.5 0.53125 0.5625 0.59375 0.625 0.65625 
0.6875 0.71875 0.75 0.78125 0.8125 0.84375 0.875 0.90625 0.9375 0.96875 -1 
-0.96875 -0.9375 -0.90625 -0.875 -0.84375 -0.8125 -0.78125 -0.75 -0.71875 
-0.6875 -0.65625 -0.625 -0.59375 -0.5625 -0.53125 -0.5 -0.46875 -0.4375 
-0.40625 -0.375 -0.34375 -0.3125 -0.28125 -0.25 -0.21875 -0.1875 -0.15625 
-0.125 -0.09375 -0.0625 -0.03125 0 0.03125 0.0625 0.09375 0.125 0.15625 
0.1875 0.21875 0.25 0.28125 0.3125 0.34375 0.375 0.40625 0.4375 0.46875 0.5 
0.53125 0.5625 0.59375 0.625 0.65625 0.6875 0.71875 0.75 0.78125 0.8125 
0.84375 0.875 0.90625 0.9375 0.96875 -1 -0.96875 -0.9375 -0.90625 -0.875 
-0.84375 -0.8125 -0.78125 -0.75 -0.71875 -0.6875 -0.65625 -0.625 -0.59375 
-0.5625 -0.53125 -0.5 -0.46875 -0.4375 -0.40625 -0.375 -0.34375 -0.3125 
-0.28125 -0.25 -0.21875 -0.1875 -0.15625 -0.125 -0.09375 -0.0625 -0.03125 0 
0.03125 0.0625 0.09375 0.125 0.15625 0.1875 0.21875 0.25 0.28125 0.3125 
0.34375 0.375 0.40625 0.4375 0.46875 0.5 0.53125 0.5625 0.59375 0.625 0.65625 
0.6875 0.71875 0.75 0.78125 0.8125 0.84375 0.875 0.90625 0.9375 0.96875 -1 
-0.96875 -0.9375 -0.90625 -0.875 -0.84375 -0.8125 -0.78125 -0.75 -0.71875 
-0.6875 -0.65625 -0.625 -0.59375 -0.5625 -0.53125 -0.5 -0.46875 -0.4375 
-0.40625 -0.375 -0.34375 -0.3125 -0.28125 -0.25 -0.21875 -0.1875 -0.15625 
-0.125 -0.09375 -0.0625 -0.03125 0 0.03125 0.0625 0.09375 0.125 0.15625 
0.1875 0.21875 0.25 0.28125 0.3125 0.34375 0.375 0.40625 0.4375 0.46875 0.5 
0.53125 0.5625 0.59375 0.625 0.65625 0.6875 0.71875 0.75 0.78125 0.8125 
0.84375 0.875 0.90625 0.9375 0.96875 -1 -0.96875 -0.9375 -0.90625 -0.875 
-0.84375 -0.8125 -0.78125 -0.75 -0.71875 -0.6875 -0.65625 -0.625 -0.59375 
-0.5625 -0.53125 -0.5 -0.46875 -0.4375 -0.40625 -0.375 -0.34375 -0.3125 
-0.28125 -0.25 -0.21875 -0.1875 -0.15625 -0.125 -0.09375 -0.0625 -0.03125 0 
0.03125 0.0625 0.09375 0.125 0.15625 0.1875 0.21875 0.25 0.28125 0.3125 
0.34375 0.375 0.40625 0.4375 0.46875 0.5 0.53125 0.5625 0.59375 0.625 0.65625 
0.6875 0.71875 0.75 0.78125 0.8125 0.84375 0.875 0.90625 0.9375 0.96875 -1 
-0.96875 -0.9375 -0.90625 -0.875 -0.84375 -0.8125 -0.78125 -0.75 -0.71875 
-0.6875 -0.65625 -0.625 -0.59375 -0.5625 -0.53125 -0.5 -0.46875 -0.4375 
-0.40625 -0.375 -0.34375 -0.3125 -0.28125 -0.25 -0.21875 -0.1875 -0.15625 
-0.125 -0.09375 -0.0625 -0.03125 0 0.03125 0.0625 0.09375 0.125 0.15625 
0.1875 0.21875 0.25 0.28125 0.3125 0.34375 0.375 0.40625 0.4375 0.46875 0.5 
0.53125 0.5625 0.59375 0.625 0.65625 0.6875 0.71875 0.75 0.78125 0.8125 
0.84375 0.875 0.90625 0.9375 0.96875 -1 -0.96875 -0.9375 -0.90625 -0.875 
-0.84375 -0.8125 -0.78125 -0.75 -0.71875 -0.6875 -0.65625 -0.625 -0.59375 
-0.5625 -0.53125 -0.5 -0.46875 -0.4375 -0.40625 -0.375 -0.34375 -0.3125 
-0.28125 -0.25 -0.21875 -0.1875 -0.15625 -0.125 -0.09375 -0.0625 -0.03125 0 
0.03125 0.0625 0.09375 0.125 0.15625 0.1875 0.21875 0.25 0.28125 0.3125 
0.34375 0.375 0.40625 0.4375 0.46875 0.5 0.53125 0.5625 0.59375 0.625 0.65625 
0.6875 0.71875 0.75 0.78125 0.8125 0.84375 0.875 0.90625 0.9375 0.96875 -1 
-0.96875 -0.9375 -0.90625 -0.875 -0.84375 -0.8125 -0.78125 -0.75 -0.71875 
-0.6875 -0.65625 -0.625 -0.59375 -0.5625 -0.53125 -0.5 -0.46875 -0.4375 
-0.40625 -0.375 -0.34375 -0.3125 -0.28125 -0.25 -0.21875 -0.1875 -0.15625 
-0.125 -0.09375 -0.0625 -0.03125 0 0.03125 0.0625 0.09375 0.125 0.15625 
0.1875 0.21875 0.25 0.28125 0.3125 0.34375 0.375 0.40625 0.4375 0.46875 0.5 
0.53125 0.5625 0.59375 0.625 0.65625 0.6875 0.71875 0.75 0.78125 0.8125 
0.84375 0.875 0.90625 0.9375 0.96875 -1 -0.96875 -0.9375 -0.90625 -0.875 
-0.84375 -0.8125 -0.78125 -0.75 -0.71875 -0.6875 -0.65625 -0.625 -0.59375 
-0.5625 -0.53125 -0.5 -0.46875 -0.4375 -0.40625 -0.375 -0.34375 -0.3125 
-0.28125 -0.25 -0.21875 -0.1875 -0.15625 -0.125 -0.09375 -0.0625 -0.03125 0 
0.03125 0.0625 0.09375 0.125 0.15625 0.1875 0.21875 0.25 0.28125 0.3125 
0.34375 0.375 0.40625 0.4375 0.46875 0.5 0.53125 0.5625 0.59375 0.625 0.65625 
0.6875 0.71875 0.75 0.78125 0.8125 0.84375 0.875 0.90625 0.9375 0.96875 -1 
-0.96875 -0.9375 -0.90625 -0.875 -0.84375 -0.8125 -0.78125 -0.75 -0.71875 
-0.6875 -0.65625 -0.625 -0.59375 -0.5625 -0.53125 -0.5 -0.46875 -0.4375 
-0.40625 -0.375 -0.34375 -0.3125 -0.28125 -0.25 -0.21875 -0.1875 -0.15625 
-0.125 -0.09375 -0.0625 -0.03125 0 0.03125 0.0625 0.09375 0.125 0.15625 
0.1875 0.21875 0.25 0.28125 0.3125 0.34375 0.375 0.40625 0.4375 0.46875 0.5 
0.53125 0.5625 0.59375 0.625 0.65625 0.6875 0.71875 0.75 0.78125 0.8125 
0.84375 0.875 0.90625 0.9375 0.96875 -1 -0.96875 -0.9375 -0.90625 -0.875 
-0.84375 -0.8125 -0.78125 -0.75 -0.71875 -0.6875 -0.65625 -0.625 -0.59375 
-0.5625 -0.53125 -0.5 -0.46875 -0.4375 -0.40625 -0.375 -0.34375 -0.3125 
-0.28125 -0.25 -0.21875 -0.1875 -0.15625 -0.125 -0.09375 -0.0625 -0.03125 0 
0.03125 0.0625 0.09375 0.125 0.15625 0.1875 0.21875 0.25 0.28125 0.3125 
0.34375 0.375 0.40625 0.4375 0.46875 0.5 0.53125 0.5625 0.59375 0.625 0.65625 
0.6875 0.71875 0.75 0.78125 0.8125 0.84375 0.875 0.90625 0.9375 0.96875 -1 
-0.96875 -0.9375 -0.90625 -0.875 -0.84375 -0.8125 -0.78125 -0.75 -0.71875 
-0.6875 -0.65625 -0.625 -0.59375 -0.5625 -0.53125 -0.5 -0.46875 -0.4375 
-0.40625 -0.375 -0.34375 -0.3125 -0.28125 -0.25 -0.21875 -0.1875 -0.15625 
-0.125 -0.09375 -0.0625 -0.03125 0 0.03125 0.0625 0.09375 0.125 0.15625 
0.1875 0.21875 0.25 0.28125 0.3125 0.34375 0.375 0.40625 0.4375 0.46875 0.5 
0.53125 0.5625 0.59375 0.625 0.65625 0.6875 0.71875 0.75 0.78125 0.8125 
0.84375 0.875 0.90625 0.9375 0.96875 -1 -0.96875 -0.9375 -0.90625 -0.875 
-0.84375 -0.8125 -0.78125 -0.75 -0.71875 -0.6875 -0.65625 -0.625 -0.59375 
-0.5625 -0.53125 -0.5 -0.46875 -0.4375 -0.40625 -0.375 -0.34375 -0.3125 
-0.28125 -0.25 -0.21875 -0.1875 -0.15625 -0.125 -0.09375 -0.0625 -0.03125 0 
0.03125 0.0625 0.09375 0.125 0.15625 0.1875 0.21875 0.25 0.28125 0.3125 
0.34375 0.375 0.40625 0.4375 0.46875 0.5 0.53125 0.5625 0.59375 0.625 0.65625 
0.6875 0.71875 0.75 0.78125 0.8125 0.84375 0.875 0.90625 0.9375 0.96875 -1 
-0.96875 -0.9375 -0.90625 -0.875 -0.84375 -0.8125 -0.78125 -0.75 -0.71875 
-0.6875 -0.65625 -0.625 -0.59375 -0.5625 -0.53125 -0.5 -0.46875 -0.4375 
-0.40625 -0.375 -0.34375 -0.3125 -0.28125 -0.25 -0.21875 -0.1875 -0.15625 
-0.125 -0.09375 -0.0625 -0.03125 0 0.03125 0.0625 0.09375 0.125 0.15625 
0.1875 0.21875 0.25 0.28125 0.3125 0.34375 0.375 0.40625 0.4375 0.46875 0.5 
0.53125 0.5625 0.59375 0.625 0.65625 0.6875 0.71875 0.75 0.78125 0.8125 
0.84375 0.875 0.90625 0.9375 0.96875 -1 -0.96875 -0.9375 -0.90625 -0.875 
-0.84375 -0.8125 -0.78125 -0.75 -0.71875 -0.6875 -0.65625 -0.625 -0.59375 
-0.5625 -0.53125 -0.5 -0.46875 -0.4375 -0.40625 -0.375 -0.34375 -0.3125 
-0.28125 -0.25 -0.21875 -0.1875 -0.15625 -0.125 -0.09375 -0.0625 -0.03125 0 
0.03125 0.0625 0.09375 0.125 0.15625 0.1875 0.21875 0.25 0.28125 0.3125 
0.34375 0.375 0.40625 0.4375 0.46875 0.5 0.53125 0.5625 0.59375 0.625 0.65625 
0.6875 0.71875 0.75 0.78125 0.8125 0.84375 0.875 0.90625 0.9375 0.96875 -1 
-0.96875 -0.9375 -0.90625 -0.875 -0.84375 -0.8125 -0.78125 -0.75 -0.71875 
-0.6875 -0.65625 -0.625 -0.59375 -0.5625 -0.53125 -0.5 -0.46875 -0.4375 
-0.40625 -0.375 -0.34375 -0.3125 -0.28125 -0.25 -0.21875 -0.1875 -0.15625 
-0.125 -0.09375 -0.0625 -0.03125 0 0.03125 0.0625 0.09375 0.125 0.15625 
0.1875 0.21875 0.25 0.28125 0.3125 0.34375 0.375 0.40625 0.4375 0.46875 0.5 
0.53125 0.5625 0.59375 0.625 0.65625 0.6875 0.71875 0.75 0.78125 0.8125 
0.84375 0.875 0.90625 0.9375 0.96875 -1 -0.96875 -0.9375 -0.90625 -0.875 
-0.84375 -0.8125 -0.78125 -0.75 -0.71875 -0.6875 -0.65625 -0.625 -0.59375 
-0.5625 -0.53125 -0.5 -0.46875 -0.4375 -0.40625 -0.375 -0.34375 -0.3125 
-0.28125 -0.25 -0.21875 -0.1875 -0.15625 -0.125 -0.09375 -0.0625 -0.03125 0 
0.03125 0.0625 0.09375 0.125 0.15625 0.1875 0.21875 0.25 0.28125 0.3125 
0.34375 0.375 0.40625 0.4375 0.46875 0.5 0.53125 0.5625 0.59375 0.625 0.65625 
0.6875 0.71875 0.75 0.78125 0.8125 0.84375 0.875 0.90625 0.9375 0.96875 -1 
-0.96875 -0.9375 -0.90625 -0.875 -0.84375 -0.8125 -0.78125 -0.75 -0.71875 
-0.6875 -0.65625 -0.625 -0.59375 -0.5625 -0.53125 -0.5 -0.46875 -0.4375 
-0.40625 -0.375 -0.34375 -0.3125 -0.28125 -0.25 -0.21875 -0.1875 -0.15625 
-0.125 -0.09375 -0.0625 -0.03125 0 0.03125 0.0625 0.09375 0.125 0.15625 
0.1875 0.21875 0.25 0.28125 0.3125 0.34375 0.375 0.40625 0.4375 0.46875 0.5 
0.53125 0.5625 0.59375 0.625 0.65625 0.6875 0.71875 0.75 0.78125 0.8125 
0.84375 0.875 0.90625 0.9375 0.96875 -1 -0.96875 -0.9375 -0.90625 -0.875 
-0.84375 -0.8125 -0.78125 -0.75 -0.71875 -0.6875 -0.65625 -0.625 -0.59375 
-0.5625 -0.53125 -0.5 -0.46875 -0.4375 -0.40625 -0.375 -0.34375 -0.3125 
-0.28125 -0.25 -0.21875 -0.1875 -0.15625 -0.125 -0.09375 -0.0625 -0.03125 0 
0.03125 0.0625 0.09375 0.125 0.15625 0.1875 0.21875 0.25 0.28125 0.3125 
0.34375 0.375 0.40625 0.4375 0.46875 0.5 0.53125 0.5625 0.59375 0.625 0.65625 
0.6875 0.71875 0.75 0.78125 0.8125 0.84375 0.875 0.90625 0.9375 0.96875 -1 
-0.96875 -0.9375 -0.90625 -0.875 -0.84375 -0.8125 -0.78125 -0.75 -0.71875 
-0.6875 -0.65625 -0.625 -0.59375 -0.5625 -0.53125 -0.5 -0.46875 -0.4375 
-0.40625 -0.375 -0.34375 -0.3125 -0.28125 -0.25 -0.21875 -0.1875 -0.15625 
-0.125 -0.09375 -0.0625 -0.03125 0 0.03125 0.0625 0.09375 0.125 0.15625 
0.1875 0.21875 0.25 0.28125 0.3125 0.34375 0.375 0.40625 0.4375 0.46875 0.5 
0.53125 0.5625 0.59375 0.625 0.65625 0.6875 0.71875 0.75 0.78125 0.8125 
0.84375 0.875 0.90625 0.9375 0.96875 -1 -0.96875 -0.9375 -0.90625 -0.875 
-0.84375 -0.8125 -0.78125 -0.75 -0.71875 -0.6875 -0.65625 -0.625 -0.59375 
-0.5625 -0.53125 -0.5 -0.46875 -0.4375 -0.40625 -0.375 -0.34375 -0.3125 
-0.28125 -0.25 -0.21875 -0.1875 -0.15625 -0.125 -0.09375 -0.0625 -0.03125 0 
0.03125 0.0625 0.09375 0.125 0.15625 0.1875 0.21875 0.25 0.28125 0.3125 
0.34375 0.375 0.40625 0.4375 0.46875 0.5 0.53125 0.5625 0.59375 0.625 0.65625 
0.6875 0.71875 0.75 0.78125 0.8125 0.84375 0.875 0.90625 0.9375 0.96875 -1 
-0.96875 -0.9375 -0.90625 -0.875 -0.84375 -0.8125 -0.78125 -0.75 -0.71875 
-0.6875 -0.65625 -0.625 -0.59375 -0.5625 -0.53125 -0.5 -0.46875 -0.4375 
-0.40625 -0.375 -0.34375 -0.3125 -0.28125 -0.25 -0.21875 -0.1875 -0.15625 
-0.125 -0.09375 -0.0625 -0.03125 0 0.03125 0.0625 0.09375 0.125 0.15625 
0.1875 0.21875 0.25 0.28125 0.3125 0.34375 0.375 0.40625 0.4375 0.46875 0.5 
0.53125 0.5625 0.59375 0.625 0.65625 0.6875 0.71875 0.75 0.78125 0.8125 
0.84375 0.875 0.90625 0.9375 0.96875 -1 -0.96875 -0.9375 -0.90625 -0.875 
-0.84375 -0.8125 -0.78125 -0.75 -0.71875 -0.6875 -0.65625 -0.625 -0.59375 
-0.5625 -0.53125 -0.5 -0.46875 -0.4375 -0.40625 -0.375 -0.34375 -0.3125 
-0.28125 -0.25 -0.21875 -0.1875 -0.15625 -0.125 -0.09375 -0.0625 -0.03125 0 
0.03125 0.0625 0.09375 0.125 0.15625 0.1875 0.21875 0.25 0.28125 0.3125 
0.34375 0.375 0.40625 0.4375 0.46875 0.5 0.53125 0.5625 0.59375 0.625 0.65625 
0.6875 0.71875 0.75 0.78125 0.8125 0.84375 0.875 0.90625 0.9375 0.96875
##$PVM_EncGenValues2=( 4096 )
@64*(-1) @64*(-0.96875) @64*(-0.9375) @64*(-0.90625) @64*(-0.875) 
@64*(-0.84375) @64*(-0.8125) @64*(-0.78125) @64*(-0.75) @64*(-0.71875) 
@64*(-0.6875) @64*(-0.65625) @64*(-0.625) @64*(-0.59375) @64*(-0.5625) 
@64*(-0.53125) @64*(-0.5) @64*(-0.46875) @64*(-0.4375) @64*(-0.40625) 
@64*(-0.375) @64*(-0.34375) @64*(-0.3125) @64*(-0.28125) @64*(-0.25) 
@64*(-0.21875) @64*(-0.1875) @64*(-0.15625) @64*(-0.125) @64*(-0.09375) 
@64*(-0.0625) @64*(-0.03125) @64*(0) @64*(0.03125) @64*(0.0625) @64*(0.09375) 
@64*(0.125) @64*(0.15625) @64*(0.1875) @64*(0.21875) @64*(0.25) @64*(0.28125) 
@64*(0.3125) @64*(0.34375) @64*(0.375) @64*(0.40625) @64*(0.4375) 
@64*(0.46875) @64*(0.5) @64*(0.53125) @64*(0.5625) @64*(0.59375) @64*(0.625) 
@64*(0.65625) @64*(0.6875) @64*(0.71875) @64*(0.75) @64*(0.78125) @64*(0.8125)
 @64*(0.84375) @64*(0.875) @64*(0.90625) @64*(0.9375) @64*(0.96875)
##$PVM_EncGenTotalSteps=4096
##$PVM_EncGenLoopOuter=64
##$SlabSel=No
##$ShowAllPars=No
##$PVM_EffSWh=119047.61904761905
##$PVM_AcquisitionTime=0.53759999999999997
##$PVM_EchoPosition=50
##$ReadDephTime=0.71799999999999997
##$ReadSpoiler=(No, 4.6534543868750013, 3.4999176291934058, 20)
##$Phase2DGradDur=0.71799999999999997
##$Phase3DGradDur=0.71799999999999997
##$ExcSliceRephTime=0.71799999999999997
##$FieldMapImages=1
##$PVM_Isotropic=Isotropic_None
##$PVM_Fov=( 3 )
15 15 15
##$PVM_FovCm=( 3 )
1.5 1.5 1.5
##$PVM_SpatResol=( 3 )
0.234375 0.234375 0.234375
##$PVM_SliceThick=15
##$PVM_ObjOrderScheme=Interlaced
##$PVM_ObjOrderList=( 1 )
0
##$PVM_NSPacks=1
##$PVM_SPackArrNSlices=( 1 )
1
##$PVM_MajSliceOri=Yes
##$PVM_SPackArrSliceOrient=( 1 )
sagittal
##$PVM_SPackArrReadOrient=( 1 )
H_F
##$PVM_SPackArrReadOffset=( 1 )
1.9275698427841883
##$PVM_SPackArrPhase1Offset=( 1 )
-2.3364484047299765
##$PVM_SPackArrPhase2Offset=( 1 )
0
##$PVM_SPackArrSliceOffset=( 1 )
-0
##$PVM_SPackArrSliceGapMode=( 1 )
non_contiguous
##$PVM_SPackArrSliceGap=( 1 )
0
##$PVM_SPackArrSliceDistance=( 1 )
15
##$PVM_SPackArrGradOrient=( 1, 3, 3 )
0 0 1 0 -1 0 -1 0 0
##$PVM_SliceGeo=( 1 )
(((0 1 0 0 0 -1 -1 0 0, 0 -2.3364484047299765 -1.9275698427841883, 0 0 0), 15 
15 15, <+P;phase> <+R;read> <+S;slice>, 1), 64, 8, 256, 0.234375, 0, No)
##$PVM_SliceGeoObj=(<BRUKER_SLICEPACKAGE>, GeoCuboidPackId, Standard_GobjShape,
 <PVM_SliceGeo>, <PVM_ObjOrderList>, 0, <R;read> <P;phase> <S;slice>, Yes, 
17468952)
##$PVM_EffPhase0Offset=( 1 )
1.9275698427841883
##$PVM_EffPhase1Offset=( 1 )
-2.3364484047299765
##$PVM_EffPhase2Offset=( 1 )
0
##$PVM_EffSliceOffset=( 1 )
-0
##$PVM_EffReadOffset=( 1 )
1.9275698427841883
##$PVM_Phase0Offset=( 1 )
1.9275698427841883
##$PVM_Phase1Offset=( 1 )
-2.3364484047299765
##$PVM_Phase2Offset=( 1 )
0
##$PVM_SliceOffset=( 1 )
-0
##$PVM_ReadOffset=( 1 )
1.9275698427841883
##$PVM_DummyScans=90
##$PVM_DummyScansDur=2003.9493069257503
##$PVM_TriggerModule=Off
##$PVM_TriggerMode=per_PhaseStep
##$PVM_TriggerDelay=1
##$PVM_TriggerDur=0.01
##$PVM_TriggerModuleTime=0
##$PVM_FatSupOnOff=On
##$PVM_FatSupPulEnum=<Calculated>
##$PVM_FatSupPul=(3, 1400, 90, Yes, 3, 4200, 0.23633643342862565, 
0.2005819424414248, 0, 50, 3.055059524108116, <$PVM_FatSupPulShape>)
##$PVM_FatSupPulAmpl=(3.055059524108116, 12.359327498104651, 
-4.850196763592133)
##$PVM_FatSupBandWidth=1400
##$PVM_FatSupSpoil=(Yes, 3, 0.90253407594965263, 50)
##$PVM_FatSupModuleTime=4.0755340759496521
##$PVM_FatSupPerform=Yes
##$PVM_FatSupRampTime=0.153
##$PVM_FatSupGradWait=0.01
##$PVM_FatSupFL=( 1 )
-1401.0705202477627
##$PVM_FatSupRfLength=3000
##$PVM_FatSupSpoilDur=0.90253407594965263
##$PVM_FatSupSpoilAmp=50
##$PVM_FovSatOnOff=Off
##$PVM_FovSatPulEnum=<sech>
##$PVM_FovSatPul=(4.0499999999999998, 5000, 90, No, 3, 20250, 0.1064278, 
0.18961401830627209, 0, 50, 8.2661508074916252, <sech.exc>)
##$PVM_FovSatPulAmpl=(8.2661508074916252, 20.329966561078777, 
-9.1730332427789314)
##$PVM_FovSatNSlices=1
##$PVM_FovSatThick=( 1 )
7.7999999999999998
##$PVM_FovSatOffset=( 1 )
0
##$PVM_FovSatSpoil=(Yes, 10, 0.80000000000000004, 5.6498777791319412)
##$PVM_FovSatSpoilDur=0.64700000000000002
##$PVM_FovSatSpoilAmp=5.6498777791319412
##$PVM_FovSatModuleTime=0
##$PVM_FovSatGrad=( 1, 3 )
0 0 -2.2599511116527764
##$PVM_FovSatRampTime=0.153
##$PVM_FovSatGradWait=0.01
##$PVM_FovSatSliceOri=( 1 )
axial
##$PVM_FovSatSliceVec=( 1, 3 )
0 0 1
##$PVM_FovSatFL=( 1 )
0
##$PVM_FovSatRfLength=4050
##$PVM_FovSatGeoObj=(<>, GeoCuboidPackId, Standard_GobjShape, <>, <>, 0, <> <> 
<>, No, 0)
##$PVM_FovSatGeoCub=( 1 )
(((1 0 0 0 -1 0 0 0 -1, 0 0 0, 0 0 0), 58 58 7.7999999999999998, <+> <+> <+>, 
0), 1, 1, 1, 7.7999999999999998, 0, No)
##$PVM_EchoTime=1.427
##$PVM_EchoTime1=1.6437999999999999
##$EffPhase1Offset=( 1 )
-2.3364484047299765
##$EffPhase2Offset=( 1 )
0
##$DefaultFov=No
##$PVM_MapShimReady=Yes
##$PVM_MapShimLocShim=No
##$PVM_MapShimStatus=( 128 )
<Mapshim ready.>
##$PVM_MapShimFailure=( 1, 21 )
<Mapshim is possible.>
##$PVM_MapShimCalcStat=( 256 )
<Not Calculated.>
##$PVM_DynamicShim=( 1, 10 )
0 0 0 0 0 0 0 0 0 0
##$PVM_MapShimNVolumes=1
##$PVM_MapShimVolDescr=(<BRUKER_SHIMVOL>, GeoCuboidPackId, 
Ellipsoid_In_GobjShape, <PVM_MapShimVolumes>, <>, 0, <+1; 1st dir> <+2; 2nd 
dir> <+3; 3rd dir>, Yes, 524288)
##$PVM_MapShimVolumes=( 1 )
(((0.99999069832886101 -0.0035305568139431301 0.0024775843761838598 
0.0035101320946046601 0.99996021631530396 0.0082002901976079602 
-0.0025064373991817599 -0.0081915172727690198 0.99996330773500597, 
0.18595217053127167 0.91192618052115604 0.68954343672456575, 0 0 0), 
9.4122788500157704 6.2848012619074636 11.2698, <+1; 1st dir> <+2; 2nd dir> 
<+3; 3rd dir>, 0), 1, 1, 1, 11.2698, 0, No)
##$PVM_MapShimVolShape=Ellipsoid
##$PVM_StudyB0Map=(</opt/PV-360.3.6/data/neuro>, 
<20260313_135901_Kostya_260413_fiber_placement_engrams_1_13>, 8, 1, 
<2.16.756.5.5.200.8323328.528993.1773380424.773>, <B0Map_Standard>, <>)
##$PVM_B0MapShimset=( 10 )
0 6.1310749980926218 0 0 3.1288624399176013 -21.27718013275349 0 0 0 0
##$PVM_ReqShimEnum=Current_Shim
##$PVM_MapShimUseShims=AllShims
##$PVM_MapShimVolDerive=No
##$PVM_MapShimVolMargin=( 3 )
0 0 0
##$PVM_MapShimVolMaster=( 65 )
<PVM_SliceGeoObj>
##$PVM_DynamicShimEnable=No
##$PVM_DynamicShimConstrainToFast=No
##$PVM_DynamicShimSliceMargin=1
##$PVM_DynamicShimEventDuration=30
##$PVM_GradientLinearityCorrection=No
##$RecoMethMode=FieldMap
##$MapSnr=10
##$MapLevel=5
##$StoreB0Map=No
##$PVM_NnDenoising=No
##$PVM_NnNDenoisingLevel=1
##$PVM_NnDenoisingLevel=( 1 )
100
##$PVM_NnDenoisingPre=No
##$PVM_NnDenoisingLevelPre=0
##$PVM_NnDenoisingDb=No
##$PVM_NnDenoising3D=1
##$PVM_NnCpuOnly=No
##$PVM_NnParallelProcessing=1
##$PVM_NnPatchSizeMax=0
##END=
$$ File finished by PARX at 2026-03-13 14:40:44.643 +0900
